506,23
ID,TOWN,TOWNNO,TRACT,LON,LAT,x,y,MEDV,CMEDV,CRIM,ZN,INDUS,CHAS,NOX,RM,AGE,DIS,RAD,TAX,PTRATIO,B,LSTAT
1,Nahant                 ,0,2011,-70.9550,42.2550,338.730,4679.730,24.0,24.0,0.00632,18.00,2.31,0,0.538,6.575,65.20,4.0900,1,296,15.3,396.90,4.98
2,Swampscott             ,1,2021,-70.9500,42.2875,339.230,4683.330,21.6,21.6,0.02731,0.00,7.07,0,0.469,6.421,78.90,4.9671,2,242,17.8,396.90,9.14
3,Swampscott             ,1,2022,-70.9360,42.2830,340.370,4682.800,34.7,34.7,0.02729,0.00,7.07,0,0.469,7.185,61.10,4.9671,2,242,17.8,392.83,4.03
4,Marblehead             ,2,2031,-70.9280,42.2930,341.050,4683.890,33.4,33.4,0.03237,0.00,2.18,0,0.458,6.998,45.80,6.0622,3,222,18.7,394.63,2.94
5,Marblehead             ,2,2032,-70.9220,42.2980,341.560,4684.440,36.2,36.2,0.06905,0.00,2.18,0,0.458,7.147,54.20,6.0622,3,222,18.7,396.90,5.33
6,Marblehead             ,2,2033,-70.9165,42.3040,342.030,4685.090,28.7,28.7,0.02985,0.00,2.18,0,0.458,6.430,58.70,6.0622,3,222,18.7,394.12,5.21
7,Salem                  ,3,2041,-70.9360,42.2970,340.410,4684.350,22.9,22.9,0.08829,12.50,7.87,0,0.524,6.012,66.60,5.5605,5,311,15.2,395.60,12.43
8,Salem                  ,3,2042,-70.9375,42.3100,340.310,4685.800,27.1,22.1,0.14455,12.50,7.87,0,0.524,6.172,96.10,5.9505,5,311,15.2,396.90,19.15
9,Salem                  ,3,2043,-70.9330,42.3120,340.690,4686.010,16.5,16.5,0.21124,12.50,7.87,0,0.524,5.631,100.00,6.0821,5,311,15.2,386.63,29.93
10,Salem                  ,3,2044,-70.9290,42.3160,341.030,4686.450,18.9,18.9,0.17004,12.50,7.87,0,0.524,6.004,85.90,6.5921,5,311,15.2,386.71,17.10
11,Salem                  ,3,2045,-70.9350,42.3160,340.540,4686.460,15.0,15.0,0.22489,12.50,7.87,0,0.524,6.377,94.30,6.3467,5,311,15.2,392.52,20.45
12,Salem                  ,3,2046,-70.9440,42.3170,339.800,4686.590,18.9,18.9,0.11747,12.50,7.87,0,0.524,6.009,82.90,6.2267,5,311,15.2,396.90,13.27
13,Salem                  ,3,2047,-70.9510,42.3060,339.190,4685.380,21.7,21.7,0.09378,12.50,7.87,0,0.524,5.889,39.00,5.4509,5,311,15.2,390.50,15.71
14,Lynn                   ,4,2051,-70.9645,42.2920,338.040,4683.850,20.4,20.4,0.62976,0.00,8.14,0,0.538,5.949,61.80,4.7075,4,307,21.0,396.90,8.26
15,Lynn                   ,4,2052,-70.9720,42.2870,337.410,4683.310,18.2,18.2,0.63796,0.00,8.14,0,0.538,6.096,84.50,4.4619,4,307,21.0,380.02,10.26
16,Lynn                   ,4,2053,-70.9765,42.2940,337.060,4684.100,19.9,19.9,0.62739,0.00,8.14,0,0.538,5.834,56.50,4.4986,4,307,21.0,395.62,8.47
17,Lynn                   ,4,2054,-70.9870,42.2985,336.210,4684.620,23.1,23.1,1.05393,0.00,8.14,0,0.538,5.935,29.30,4.4986,4,307,21.0,386.85,6.58
18,Lynn                   ,4,2055,-70.9780,42.2850,336.910,4683.100,17.5,17.5,0.78420,0.00,8.14,0,0.538,5.990,81.70,4.2579,4,307,21.0,386.75,14.67
19,Lynn                   ,4,2056,-70.9925,42.2825,335.710,4682.850,20.2,20.2,0.80271,0.00,8.14,0,0.538,5.456,36.60,3.7965,4,307,21.0,288.99,11.69
20,Lynn                   ,4,2057,-70.9880,42.2776,336.070,4682.300,18.2,18.2,0.72580,0.00,8.14,0,0.538,5.727,69.50,3.7965,4,307,21.0,390.95,11.28
21,Lynn                   ,4,2058,-70.9835,42.2770,336.440,4682.220,13.6,13.6,1.25179,0.00,8.14,0,0.538,5.570,98.10,3.7979,4,307,21.0,376.57,21.02
22,Lynn                   ,4,2059,-70.9820,42.2810,336.570,4682.660,19.6,19.6,0.85204,0.00,8.14,0,0.538,5.965,89.20,4.0123,4,307,21.0,392.53,13.83
23,Lynn                   ,4,2060,-70.9775,42.2790,336.940,4682.430,15.2,15.2,1.23247,0.00,8.14,0,0.538,6.142,91.70,3.9769,4,307,21.0,396.90,18.72
24,Lynn                   ,4,2061,-70.9730,42.2790,337.310,4682.420,14.5,14.5,0.98843,0.00,8.14,0,0.538,5.813,100.00,4.0952,4,307,21.0,394.54,19.88
25,Lynn                   ,4,2062,-70.9693,42.2816,337.620,4682.710,15.6,15.6,0.75026,0.00,8.14,0,0.538,5.924,94.10,4.3996,4,307,21.0,394.33,16.30
26,Lynn                   ,4,2063,-70.9640,42.2840,338.060,4682.960,13.9,13.9,0.84054,0.00,8.14,0,0.538,5.599,85.70,4.4546,4,307,21.0,303.42,16.51
27,Lynn                   ,4,2064,-70.9597,42.2870,338.430,4683.290,16.6,16.6,0.67191,0.00,8.14,0,0.538,5.813,90.30,4.6820,4,307,21.0,376.88,14.81
28,Lynn                   ,4,2065,-70.9597,42.2825,338.410,4682.790,14.8,14.8,0.95577,0.00,8.14,0,0.538,6.047,88.80,4.4534,4,307,21.0,306.38,17.28
29,Lynn                   ,4,2066,-70.9570,42.2800,338.630,4682.510,18.4,18.4,0.77299,0.00,8.14,0,0.538,6.495,94.40,4.4547,4,307,21.0,387.94,12.80
30,Lynn                   ,4,2067,-70.9510,42.2780,339.120,4682.270,21.0,21.0,1.00245,0.00,8.14,0,0.538,6.674,87.30,4.2390,4,307,21.0,380.23,11.98
31,Lynn                   ,4,2068,-70.9670,42.2790,337.800,4682.410,12.7,12.7,1.13081,0.00,8.14,0,0.538,5.713,94.10,4.2330,4,307,21.0,360.17,22.60
32,Lynn                   ,4,2069,-70.9640,42.2765,338.040,4682.130,14.5,14.5,1.35472,0.00,8.14,0,0.538,6.072,100.00,4.1750,4,307,21.0,376.73,13.04
33,Lynn                   ,4,2070,-70.9720,42.2765,337.380,4682.150,13.2,13.2,1.38799,0.00,8.14,0,0.538,5.950,82.00,3.9900,4,307,21.0,232.60,27.71
34,Lynn                   ,4,2071,-70.9795,42.2760,336.770,4682.100,13.1,13.1,1.15172,0.00,8.14,0,0.538,5.701,95.00,3.7872,4,307,21.0,358.77,18.35
35,Lynn                   ,4,2072,-70.9775,42.2720,336.920,4681.660,13.5,13.5,1.61282,0.00,8.14,0,0.538,6.096,96.90,3.7598,4,307,21.0,248.31,20.34
36,Sargus                 ,5,2081,-71.0000,42.2700,335.060,4681.480,18.9,18.9,0.06417,0.00,5.96,0,0.499,5.933,68.20,3.3603,5,279,19.2,396.90,9.68
37,Sargus                 ,5,2082,-71.0080,42.2745,334.410,4681.990,20.0,20.0,0.09744,0.00,5.96,0,0.499,5.841,61.40,3.3779,5,279,19.2,377.56,11.41
38,Sargus                 ,5,2083,-71.0040,42.2865,334.770,4683.320,21.0,21.0,0.08014,0.00,5.96,0,0.499,5.850,41.50,3.9342,5,279,19.2,396.90,8.77
39,Sargus                 ,5,2084,-71.0200,42.2875,333.460,4683.460,24.7,24.2,0.17505,0.00,5.96,0,0.499,5.966,30.20,3.8473,5,279,19.2,393.43,10.13
40,Lynnfield              ,6,2091,-71.0130,42.3130,334.100,4686.280,30.8,30.8,0.02763,75.00,2.95,0,0.428,6.595,21.80,5.4011,3,252,18.3,395.63,4.32
41,Lynnfield              ,6,2092,-71.0300,42.3240,332.730,4687.530,34.9,34.9,0.03359,75.00,2.95,0,0.428,7.024,15.80,5.4011,3,252,18.3,395.62,1.98
42,Peabody                ,7,2101,-71.0040,42.3350,334.900,4688.700,26.6,26.6,0.12744,0.00,6.91,0,0.448,6.770,2.90,5.7209,3,233,17.9,385.41,4.84
43,Peabody                ,7,2102,-71.0030,42.3235,334.950,4687.420,25.3,25.3,0.14150,0.00,6.91,0,0.448,6.169,6.60,5.7209,3,233,17.9,383.37,5.81
44,Peabody                ,7,2103,-70.9775,42.3237,337.050,4687.400,24.7,24.7,0.15936,0.00,6.91,0,0.448,6.211,6.50,5.7209,3,233,17.9,394.46,7.44
45,Peabody                ,7,2104,-70.9675,42.3170,337.860,4686.630,21.2,21.2,0.12269,0.00,6.91,0,0.448,6.069,40.00,5.7209,3,233,17.9,389.39,9.55
46,Peabody                ,7,2105,-70.9725,42.3075,337.420,4685.590,19.3,19.3,0.17142,0.00,6.91,0,0.448,5.682,33.80,5.1004,3,233,17.9,396.90,10.21
47,Peabody                ,7,2106,-70.9650,42.3075,338.040,4685.570,20.0,20.0,0.18836,0.00,6.91,0,0.448,5.786,33.30,5.1004,3,233,17.9,396.90,14.15
48,Peabody                ,7,2107,-70.9560,42.3125,338.800,4686.110,16.6,16.6,0.22927,0.00,6.91,0,0.448,6.030,85.50,5.6894,3,233,17.9,392.74,18.80
49,Peabody                ,7,2108,-70.9550,42.3165,338.890,4686.550,14.4,14.4,0.25387,0.00,6.91,0,0.448,5.399,95.30,5.8700,3,233,17.9,396.90,30.81
50,Peabody                ,7,2109,-70.9525,42.3208,339.110,4687.030,19.4,19.4,0.21977,0.00,6.91,0,0.448,5.602,62.00,6.0877,3,233,17.9,396.90,16.20
51,Danvers                ,8,2111,-70.9510,42.3340,339.260,4688.490,19.7,19.7,0.08873,21.00,5.64,0,0.439,5.963,45.70,6.8147,4,243,16.8,395.56,13.45
52,Danvers                ,8,2112,-70.9630,42.3382,338.290,4688.980,20.5,20.5,0.04337,21.00,5.64,0,0.439,6.115,63.00,6.8147,4,243,16.8,393.97,9.43
53,Danvers                ,8,2113,-70.9580,42.3460,338.720,4689.840,25.0,25.0,0.05360,21.00,5.64,0,0.439,6.511,21.10,6.8147,4,243,16.8,396.90,5.28
54,Danvers                ,8,2114,-70.9780,42.3425,337.060,4689.490,23.4,23.4,0.04981,21.00,5.64,0,0.439,5.998,21.40,6.8147,4,243,16.8,396.90,8.43
55,Middleton              ,9,2121,-71.0175,42.3715,333.880,4692.780,18.9,18.9,0.01360,75.00,4.00,0,0.410,5.888,47.60,7.3197,3,469,21.1,396.90,14.80
56,Topsfield              ,10,2141,-70.9625,42.3810,338.440,4693.730,35.4,35.4,0.01311,90.00,1.22,0,0.403,7.249,21.90,8.6966,5,226,17.9,395.93,4.81
57,Hamilton               ,11,2151,-70.9300,42.3740,341.090,4692.890,24.7,24.7,0.02055,85.00,0.74,0,0.410,6.383,35.70,9.1876,2,313,17.3,396.90,5.77
58,Wenham                 ,12,2161,-70.9295,42.3715,341.130,4692.610,31.6,31.6,0.01432,100.00,1.32,0,0.411,6.816,40.50,8.3248,5,256,15.1,392.90,3.95
59,Beverly                ,13,2171,-70.9385,42.3460,340.320,4689.800,23.3,23.3,0.15445,25.00,5.13,0,0.453,6.145,29.20,7.8148,8,284,19.7,390.68,6.86
60,Beverly                ,13,2172,-70.9400,42.3320,340.160,4688.250,19.6,19.6,0.10328,25.00,5.13,0,0.453,5.927,47.20,6.9320,8,284,19.7,396.90,9.22
61,Beverly                ,13,2173,-70.9300,42.3370,341.000,4688.780,18.7,18.7,0.14932,25.00,5.13,0,0.453,5.741,66.20,7.2254,8,284,19.7,395.11,13.15
62,Beverly                ,13,2174,-70.9300,42.3275,340.980,4687.730,16.0,16.0,0.17171,25.00,5.13,0,0.453,5.966,93.40,6.8185,8,284,19.7,378.08,14.44
63,Beverly                ,13,2175,-70.9215,42.3320,341.690,4688.210,22.2,22.2,0.11027,25.00,5.13,0,0.453,6.456,67.80,7.2255,8,284,19.7,396.90,6.73
64,Beverly                ,13,2176,-70.9075,42.3390,342.860,4688.960,25.0,25.0,0.12650,25.00,5.13,0,0.453,6.762,43.40,7.9809,8,284,19.7,395.58,9.50
65,Manchester             ,14,2181,-70.8600,42.3450,346.790,4689.540,33.0,33.0,0.01951,17.50,1.38,0,0.416,7.104,59.50,9.2229,3,216,18.6,393.24,8.05
66,North Reading          ,15,3301,-71.0450,42.3450,331.550,4689.890,23.5,23.5,0.03584,80.00,3.37,0,0.398,6.290,17.80,6.6115,4,337,16.1,396.90,4.67
67,North Reading          ,15,3302,-71.0690,42.3525,329.590,4690.770,19.4,19.4,0.04379,80.00,3.37,0,0.398,5.787,31.10,6.6115,4,337,16.1,396.90,10.24
68,Wilmington             ,16,3311,-71.0900,42.3362,327.820,4689.010,22.0,22.0,0.05789,12.50,6.07,0,0.409,5.878,21.40,6.4980,4,345,18.9,396.21,8.10
69,Wilmington             ,16,3312,-71.1080,42.3400,326.340,4689.470,17.4,17.4,0.13554,12.50,6.07,0,0.409,5.594,36.80,6.4980,4,345,18.9,396.90,13.09
70,Wilmington             ,16,3313,-71.1110,42.3270,326.060,4688.030,20.9,20.9,0.12816,12.50,6.07,0,0.409,5.885,33.00,6.4980,4,345,18.9,396.90,8.79
71,Burlington             ,17,3321,-71.1210,42.3160,325.210,4686.830,24.2,24.2,0.08826,0.00,10.81,0,0.413,6.417,6.60,5.2873,4,305,19.2,383.73,6.72
72,Burlington             ,17,3322,-71.1095,42.3008,326.110,4685.120,21.7,21.7,0.15876,0.00,10.81,0,0.413,5.961,17.50,5.2873,4,305,19.2,376.94,9.88
73,Burlington             ,17,3323,-71.1300,42.3050,324.430,4685.620,22.8,22.8,0.09164,0.00,10.81,0,0.413,6.065,7.80,5.2873,4,305,19.2,390.91,5.52
74,Burlington             ,17,3324,-71.1230,42.2920,324.980,4684.170,23.4,23.4,0.19539,0.00,10.81,0,0.413,6.245,6.20,5.2873,4,305,19.2,377.17,7.54
75,Woburn                 ,18,3331,-71.1105,42.2890,326.000,4683.810,24.1,24.1,0.07896,0.00,12.83,0,0.437,6.273,6.00,4.2515,5,398,18.7,394.92,6.78
76,Woburn                 ,18,3332,-71.1000,42.2875,326.860,4683.620,21.4,21.4,0.09512,0.00,12.83,0,0.437,6.286,45.00,4.5026,5,398,18.7,383.23,8.94
77,Woburn                 ,18,3333,-71.0900,42.2835,327.670,4683.150,20.0,20.0,0.10153,0.00,12.83,0,0.437,6.279,74.50,4.0522,5,398,18.7,373.66,11.97
78,Woburn                 ,18,3334,-71.0760,42.2895,328.840,4683.790,20.8,20.8,0.08707,0.00,12.83,0,0.437,6.140,45.80,4.0905,5,398,18.7,386.96,10.27
79,Woburn                 ,18,3335,-71.0905,42.2950,327.660,4684.430,21.2,21.2,0.05646,0.00,12.83,0,0.437,6.232,53.70,5.0141,5,398,18.7,386.40,12.34
80,Woburn                 ,18,3336,-71.0910,42.3050,327.650,4685.540,20.3,20.3,0.08387,0.00,12.83,0,0.437,5.874,36.60,4.5026,5,398,18.7,396.06,9.10
81,Reading                ,19,3341,-71.0685,42.3080,329.510,4685.830,28.0,28.0,0.04113,25.00,4.86,0,0.426,6.727,33.50,5.4007,4,281,19.0,396.90,5.29
82,Reading                ,19,3342,-71.0690,42.3150,329.490,4686.610,23.9,23.9,0.04462,25.00,4.86,0,0.426,6.619,70.40,5.4007,4,281,19.0,395.63,7.22
83,Reading                ,19,3343,-71.0675,42.3260,329.640,4687.830,24.8,24.8,0.03659,25.00,4.86,0,0.426,6.302,32.20,5.4007,4,281,19.0,396.90,6.72
84,Reading                ,19,3344,-71.0575,42.3170,330.440,4686.810,22.9,22.9,0.03551,25.00,4.86,0,0.426,6.167,46.70,5.4007,4,281,19.0,390.64,7.51
85,Wakefield              ,20,3351,-71.0430,42.3075,331.610,4685.730,23.9,23.9,0.05059,0.00,4.49,0,0.449,6.389,48.00,4.7794,3,247,18.5,396.90,9.62
86,Wakefield              ,20,3352,-71.0500,42.3000,331.020,4684.910,26.6,26.6,0.05735,0.00,4.49,0,0.449,6.630,56.10,4.4377,3,247,18.5,392.30,6.53
87,Wakefield              ,20,3353,-71.0330,42.3050,332.430,4685.430,22.5,22.5,0.05188,0.00,4.49,0,0.449,6.015,45.10,4.4272,3,247,18.5,395.99,12.86
88,Wakefield              ,20,3354,-71.0390,42.2885,331.890,4683.610,22.2,22.2,0.07151,0.00,4.49,0,0.449,6.121,56.80,3.7476,3,247,18.5,395.15,8.44
89,Melrose                ,21,3361,-71.0420,42.2796,331.620,4682.630,23.6,23.6,0.05660,0.00,3.41,0,0.489,7.007,86.30,3.4217,2,270,17.8,396.90,5.50
90,Melrose                ,21,3362,-71.0345,42.2785,332.240,4682.490,28.7,28.7,0.05302,0.00,3.41,0,0.489,7.079,63.10,3.4145,2,270,17.8,396.06,5.70
91,Melrose                ,21,3363,-71.0300,42.2720,332.590,4681.760,22.6,22.6,0.04684,0.00,3.41,0,0.489,6.417,66.10,3.0923,2,270,17.8,392.18,8.81
92,Melrose                ,21,3364,-71.0425,42.2715,331.560,4681.730,22.0,22.0,0.03932,0.00,3.41,0,0.489,6.405,73.90,3.0921,2,270,17.8,393.55,8.20
93,Stoneham               ,22,3371,-71.0530,42.2830,330.720,4683.030,22.9,22.9,0.04203,28.00,15.04,0,0.464,6.442,53.60,3.6659,4,270,18.2,395.01,8.16
94,Stoneham               ,22,3372,-71.0620,42.2960,330.020,4684.490,25.0,25.0,0.02875,28.00,15.04,0,0.464,6.211,28.90,3.6659,4,270,18.2,396.33,6.21
95,Stoneham               ,22,3373,-71.0615,42.2840,330.020,4683.150,20.6,20.6,0.04294,28.00,15.04,0,0.464,6.249,77.30,3.6150,4,270,18.2,396.90,10.59
96,Winchester             ,23,3381,-71.0760,42.2775,328.810,4682.460,28.4,28.4,0.12204,0.00,2.89,0,0.445,6.625,57.80,3.4952,2,276,18.0,357.98,6.65
97,Winchester             ,23,3382,-71.0850,42.2775,328.070,4682.480,21.4,21.4,0.11504,0.00,2.89,0,0.445,6.163,69.60,3.4952,2,276,18.0,391.83,11.34
98,Winchester             ,23,3383,-71.0890,42.2715,327.720,4681.820,38.7,38.7,0.12083,0.00,2.89,0,0.445,8.069,76.00,3.4952,2,276,18.0,396.90,4.21
99,Winchester             ,23,3384,-71.0982,42.2685,326.960,4681.510,43.8,43.8,0.08187,0.00,2.89,0,0.445,7.820,36.90,3.4952,2,276,18.0,393.53,3.57
100,Winchester             ,23,3385,-71.0800,42.2680,328.460,4681.410,33.2,33.2,0.06860,0.00,2.89,0,0.445,7.416,62.50,3.4952,2,276,18.0,396.90,6.19
101,Medford                ,24,3391,-71.0668,42.2545,329.510,4679.890,27.5,27.5,0.14866,0.00,8.56,0,0.520,6.727,79.90,2.7778,5,384,20.9,394.76,9.42
102,Medford                ,24,3392,-71.0810,42.2450,328.310,4678.860,26.5,26.5,0.11432,0.00,8.56,0,0.520,6.781,71.30,2.8561,5,384,20.9,395.58,7.67
103,Medford                ,24,3393,-71.0812,42.2515,328.310,4679.580,18.6,18.6,0.22876,0.00,8.56,0,0.520,6.405,85.40,2.7147,5,384,20.9,70.80,10.63
104,Medford                ,24,3394,-71.0770,42.2490,328.650,4679.300,19.3,19.3,0.21161,0.00,8.56,0,0.520,6.137,87.40,2.7147,5,384,20.9,394.47,13.44
105,Medford                ,24,3395,-71.0690,42.2480,329.310,4679.170,20.1,20.1,0.13960,0.00,8.56,0,0.520,6.167,90.00,2.4210,5,384,20.9,392.69,12.33
106,Medford                ,24,3396,-71.0662,42.2425,329.530,4678.550,19.5,19.5,0.13262,0.00,8.56,0,0.520,5.851,96.70,2.1069,5,384,20.9,394.05,16.47
107,Medford                ,24,3397,-71.0622,42.2431,329.860,4678.610,19.5,19.5,0.17120,0.00,8.56,0,0.520,5.836,91.90,2.2110,5,384,20.9,395.67,18.66
108,Medford                ,24,3398,-71.0553,42.2465,330.440,4678.980,20.4,20.4,0.13117,0.00,8.56,0,0.520,6.127,85.20,2.1224,5,384,20.9,387.69,14.09
109,Medford                ,24,3399,-71.0550,42.2505,330.470,4679.420,19.8,19.8,0.12802,0.00,8.56,0,0.520,6.474,97.10,2.4329,5,384,20.9,395.24,12.27
110,Medford                ,24,3400,-71.0600,42.2540,330.070,4679.820,19.4,19.4,0.26363,0.00,8.56,0,0.520,6.229,91.20,2.5451,5,384,20.9,391.23,15.55
111,Medford                ,24,3401,-71.0560,42.2605,330.410,4680.530,21.7,21.7,0.10793,0.00,8.56,0,0.520,6.195,54.40,2.7778,5,384,20.9,393.49,13.00
112,Malden                 ,25,3411,-71.0475,42.2610,331.120,4680.570,22.8,22.8,0.10084,0.00,10.01,0,0.547,6.715,81.60,2.6775,6,432,17.8,395.59,10.16
113,Malden                 ,25,3412,-71.0490,42.2530,330.970,4679.690,18.8,18.8,0.12329,0.00,10.01,0,0.547,5.913,92.90,2.3534,6,432,17.8,394.95,16.21
114,Malden                 ,25,3413,-71.0428,42.2580,331.500,4680.230,18.7,18.7,0.22212,0.00,10.01,0,0.547,6.092,95.40,2.5480,6,432,17.8,396.90,17.09
115,Malden                 ,25,3414,-71.0396,42.2512,331.740,4679.470,18.5,18.5,0.14231,0.00,10.01,0,0.547,6.254,84.20,2.2565,6,432,17.8,388.74,10.45
116,Malden                 ,25,3415,-71.0355,42.2545,332.090,4679.830,18.3,18.3,0.17134,0.00,10.01,0,0.547,5.928,88.20,2.4631,6,432,17.8,344.91,15.76
117,Malden                 ,25,3416,-71.0360,42.2608,332.070,4680.530,21.2,21.2,0.13158,0.00,10.01,0,0.547,6.176,72.50,2.7301,6,432,17.8,393.30,12.04
118,Malden                 ,25,3417,-71.0285,42.2620,332.690,4680.640,19.2,19.2,0.15098,0.00,10.01,0,0.547,6.021,82.60,2.7474,6,432,17.8,394.51,10.30
119,Malden                 ,25,3418,-71.0285,42.2580,332.680,4680.200,20.4,20.4,0.13058,0.00,10.01,0,0.547,5.872,73.10,2.4775,6,432,17.8,338.63,15.37
120,Malden                 ,25,3419,-71.0190,42.2605,333.470,4680.460,19.3,19.3,0.14476,0.00,10.01,0,0.547,5.731,65.20,2.7592,6,432,17.8,391.50,13.61
121,Everett                ,26,3421,-71.0243,42.2483,333.000,4679.120,22.0,22.0,0.06899,0.00,25.65,0,0.581,5.870,69.70,2.2577,2,188,19.1,389.15,14.37
122,Everett                ,26,3422,-71.0312,42.2505,332.430,4679.370,20.3,20.3,0.07165,0.00,25.65,0,0.581,6.004,84.10,2.1974,2,188,19.1,377.67,14.27
123,Everett                ,26,3423,-71.0377,42.2470,331.890,4679.000,20.5,20.5,0.09299,0.00,25.65,0,0.581,5.961,92.90,2.0869,2,188,19.1,378.09,17.93
124,Everett                ,26,3424,-71.0370,42.2435,331.940,4678.610,17.3,17.3,0.15038,0.00,25.65,0,0.581,5.856,97.00,1.9444,2,188,19.1,370.31,25.41
125,Everett                ,26,3425,-71.0308,42.2450,332.450,4678.760,18.8,18.8,0.09849,0.00,25.65,0,0.581,5.879,95.80,2.0063,2,188,19.1,379.38,17.58
126,Everett                ,26,3426,-71.0262,42.2431,332.830,4678.540,21.4,21.4,0.16902,0.00,25.65,0,0.581,5.986,88.40,1.9929,2,188,19.1,385.02,14.81
127,Everett                ,26,3427,-71.0333,42.2395,332.230,4678.160,15.7,15.7,0.38735,0.00,25.65,0,0.581,5.613,95.60,1.7572,2,188,19.1,359.29,27.26
128,Somerville             ,27,3501,-71.0530,42.2355,330.600,4677.750,16.2,16.2,0.25915,0.00,21.89,0,0.624,5.693,96.00,1.7883,4,437,21.2,392.11,17.19
129,Somerville             ,27,3502,-71.0580,42.2350,330.180,4677.710,18.0,18.0,0.32543,0.00,21.89,0,0.624,6.431,98.80,1.8125,4,437,21.2,396.90,15.39
130,Somerville             ,27,3503,-71.0638,42.2368,329.710,4677.920,14.3,14.3,0.88125,0.00,21.89,0,0.624,5.637,94.70,1.9799,4,437,21.2,396.90,18.34
131,Somerville             ,27,3504,-71.0692,42.2390,329.270,4678.170,19.2,19.2,0.34006,0.00,21.89,0,0.624,6.458,98.90,2.1185,4,437,21.2,395.04,12.60
132,Somerville             ,27,3505,-71.0750,42.2400,328.790,4678.290,19.6,19.6,1.19294,0.00,21.89,0,0.624,6.326,97.70,2.2710,4,437,21.2,396.90,12.26
133,Somerville             ,27,3506,-71.0745,42.2405,328.830,4678.350,23.0,23.0,0.59005,0.00,21.89,0,0.624,6.372,97.90,2.3274,4,437,21.2,385.76,11.12
134,Somerville             ,27,3507,-71.0790,42.2450,328.480,4678.860,18.4,18.4,0.32982,0.00,21.89,0,0.624,5.822,95.40,2.4699,4,437,21.2,388.69,15.03
135,Somerville             ,27,3508,-71.0760,42.2405,328.710,4678.350,15.6,15.6,0.97617,0.00,21.89,0,0.624,5.757,98.40,2.3460,4,437,21.2,262.76,17.31
136,Somerville             ,27,3509,-71.0750,42.2362,328.780,4677.870,18.1,18.1,0.55778,0.00,21.89,0,0.624,6.335,98.20,2.1107,4,437,21.2,394.67,16.96
137,Somerville             ,27,3510,-71.0677,42.2335,329.380,4677.560,17.4,17.4,0.32264,0.00,21.89,0,0.624,5.942,93.50,1.9669,4,437,21.2,378.25,16.90
138,Somerville             ,27,3511,-71.0630,42.2325,329.760,4677.440,17.1,17.1,0.35233,0.00,21.89,0,0.624,6.454,98.40,1.8498,4,437,21.2,394.08,14.59
139,Somerville             ,27,3512,-71.0620,42.2275,329.830,4676.880,13.3,13.3,0.24980,0.00,21.89,0,0.624,5.857,98.20,1.6686,4,437,21.2,392.04,21.32
140,Somerville             ,27,3513,-71.0568,42.2300,330.270,4677.150,17.8,17.8,0.54452,0.00,21.89,0,0.624,6.151,97.90,1.6687,4,437,21.2,396.90,18.46
141,Somerville             ,27,3514,-71.0518,42.2312,330.680,4677.270,14.0,14.0,0.29090,0.00,21.89,0,0.624,6.174,93.60,1.6119,4,437,21.2,388.08,24.16
142,Somerville             ,27,3515,-71.0543,42.2265,330.460,4676.750,14.4,14.4,1.62864,0.00,21.89,0,0.624,5.019,100.00,1.4394,4,437,21.2,396.90,34.41
143,Cambridge              ,28,3521,-71.0480,42.2222,330.970,4676.260,13.4,13.4,3.32105,0.00,19.58,1,0.871,5.403,100.00,1.3216,5,403,14.7,396.90,26.82
144,Cambridge              ,28,3522,-71.0519,42.2230,330.650,4676.360,15.6,15.6,4.09740,0.00,19.58,0,0.871,5.468,100.00,1.4118,5,403,14.7,396.90,26.42
145,Cambridge              ,28,3523,-71.0510,42.2205,330.720,4676.080,11.8,11.8,2.77974,0.00,19.58,0,0.871,4.903,97.80,1.3459,5,403,14.7,396.90,29.29
146,Cambridge              ,28,3524,-71.0540,42.2190,330.470,4675.920,13.8,13.8,2.37934,0.00,19.58,0,0.871,6.130,100.00,1.4191,5,403,14.7,172.91,27.80
147,Cambridge              ,28,3525,-71.0590,42.2210,330.060,4676.150,15.6,15.6,2.15505,0.00,19.58,0,0.871,5.628,100.00,1.5166,5,403,14.7,169.27,16.65
148,Cambridge              ,28,3526,-71.0555,42.2222,330.350,4676.280,14.6,14.6,2.36862,0.00,19.58,0,0.871,4.926,95.70,1.4608,5,403,14.7,391.71,29.53
149,Cambridge              ,28,3527,-71.0567,42.2240,330.260,4676.480,17.8,17.8,2.33099,0.00,19.58,0,0.871,5.186,93.80,1.5296,5,403,14.7,356.99,28.32
150,Cambridge              ,28,3528,-71.0580,42.2230,330.150,4676.370,15.4,15.4,2.73397,0.00,19.58,0,0.871,5.597,94.90,1.5257,5,403,14.7,351.85,21.45
151,Cambridge              ,28,3529,-71.0620,42.2236,329.820,4676.450,21.5,21.5,1.65660,0.00,19.58,0,0.871,6.122,97.30,1.6180,5,403,14.7,372.80,14.10
152,Cambridge              ,28,3530,-71.0622,42.2205,329.800,4676.100,19.6,19.6,1.49632,0.00,19.58,0,0.871,5.404,100.00,1.5916,5,403,14.7,341.60,13.28
153,Cambridge              ,28,3531,-71.0590,42.2170,330.050,4675.710,15.3,15.3,1.12658,0.00,19.58,1,0.871,5.012,88.00,1.6102,5,403,14.7,343.28,12.12
154,Cambridge              ,28,3532,-71.0645,42.2150,329.590,4675.500,19.4,19.4,2.14918,0.00,19.58,0,0.871,5.709,98.50,1.6232,5,403,14.7,261.95,15.79
155,Cambridge              ,28,3533,-71.0662,42.2162,329.450,4675.630,17.0,17.0,1.41385,0.00,19.58,1,0.871,6.129,96.00,1.7494,5,403,14.7,321.02,15.12
156,Cambridge              ,28,3534,-71.0680,42.2150,329.300,4675.500,15.6,15.6,3.53501,0.00,19.58,1,0.871,6.152,82.60,1.7455,5,403,14.7,88.01,15.02
157,Cambridge              ,28,3535,-71.0667,42.2200,329.420,4676.060,13.1,13.1,2.44668,0.00,19.58,0,0.871,5.272,94.00,1.7364,5,403,14.7,88.63,16.14
158,Cambridge              ,28,3536,-71.0690,42.2285,329.260,4677.010,41.3,41.3,1.22358,0.00,19.58,0,0.605,6.943,97.40,1.8773,5,403,14.7,363.43,4.59
159,Cambridge              ,28,3537,-71.0670,42.2245,329.410,4676.560,24.3,24.3,1.34284,0.00,19.58,0,0.605,6.066,100.00,1.7573,5,403,14.7,353.89,6.43
160,Cambridge              ,28,3538,-71.0650,42.2223,329.570,4676.310,23.3,23.3,1.42502,0.00,19.58,0,0.871,6.510,100.00,1.7659,5,403,14.7,364.31,7.39
161,Cambridge              ,28,3539,-71.0700,42.2214,329.150,4676.220,27.0,27.0,1.27346,0.00,19.58,1,0.605,6.250,92.60,1.7984,5,403,14.7,338.92,5.50
162,Cambridge              ,28,3540,-71.0735,42.2282,328.880,4676.980,50.0,50.0,1.46336,0.00,19.58,0,0.605,7.489,90.80,1.9709,5,403,14.7,374.43,1.73
163,Cambridge              ,28,3541,-71.0770,42.2250,328.590,4676.630,50.0,50.0,1.83377,0.00,19.58,1,0.605,7.802,98.20,2.0407,5,403,14.7,389.61,1.92
164,Cambridge              ,28,3542,-71.0815,42.2250,328.220,4676.640,50.0,50.0,1.51902,0.00,19.58,1,0.605,8.375,93.90,2.1620,5,403,14.7,388.45,3.32
165,Cambridge              ,28,3543,-71.0918,42.2265,327.370,4676.830,22.7,22.7,2.24236,0.00,19.58,0,0.605,5.854,91.80,2.4220,5,403,14.7,395.11,11.64
166,Cambridge              ,28,3544,-71.0820,42.2295,328.190,4677.140,25.0,25.0,2.92400,0.00,19.58,0,0.605,6.101,93.00,2.2834,5,403,14.7,240.16,9.81
167,Cambridge              ,28,3545,-71.0770,42.2305,328.600,4677.240,50.0,50.0,2.01019,0.00,19.58,0,0.605,7.929,96.20,2.0459,5,403,14.7,369.30,3.70
168,Cambridge              ,28,3546,-71.0866,42.2345,327.820,4677.710,23.8,23.8,1.80028,0.00,19.58,0,0.605,5.877,79.20,2.4259,5,403,14.7,227.61,12.14
169,Cambridge              ,28,3547,-71.0740,42.2331,328.860,4677.530,23.8,23.8,2.30040,0.00,19.58,0,0.605,6.319,96.10,2.1000,5,403,14.7,297.09,11.10
170,Cambridge              ,28,3548,-71.0775,42.2351,328.570,4677.760,22.3,22.3,2.44953,0.00,19.58,0,0.605,6.402,95.20,2.2625,5,403,14.7,330.04,11.32
171,Cambridge              ,28,3549,-71.0810,42.2368,328.290,4677.950,17.4,17.4,1.20742,0.00,19.58,0,0.605,5.875,94.60,2.4259,5,403,14.7,292.29,14.43
172,Cambridge              ,28,3550,-71.0792,42.2390,328.440,4678.190,19.1,19.1,2.31390,0.00,19.58,0,0.605,5.880,97.30,2.3887,5,403,14.7,348.13,12.03
173,Arlington              ,29,3561,-71.0870,42.2416,327.810,4678.500,23.1,23.1,0.13914,0.00,4.05,0,0.510,5.572,88.50,2.5961,5,296,16.6,396.90,14.69
174,Arlington              ,29,3562,-71.0855,42.2450,327.940,4678.870,23.6,23.6,0.09178,0.00,4.05,0,0.510,6.416,84.10,2.6463,5,296,16.6,395.50,9.04
175,Arlington              ,29,3563,-71.0833,42.2475,328.130,4679.140,22.6,22.6,0.08447,0.00,4.05,0,0.510,5.859,68.70,2.7019,5,296,16.6,393.23,9.64
176,Arlington              ,29,3564,-71.0940,42.2575,327.270,4680.280,29.4,29.4,0.06664,0.00,4.05,0,0.510,6.546,33.10,3.1323,5,296,16.6,390.96,5.33
177,Arlington              ,29,3565,-71.1125,42.2550,325.740,4680.040,23.2,23.2,0.07022,0.00,4.05,0,0.510,6.020,47.20,3.5549,5,296,16.6,393.23,10.11
178,Arlington              ,29,3566,-71.1060,42.2512,326.270,4679.600,24.6,24.6,0.05425,0.00,4.05,0,0.510,6.315,73.40,3.3175,5,296,16.6,395.60,6.29
179,Arlington              ,29,3567,-71.0965,42.2470,327.040,4679.120,29.9,29.9,0.06642,0.00,4.05,0,0.510,6.860,74.40,2.9153,5,296,16.6,391.27,6.92
180,Belmont                ,30,3571,-71.1000,42.2408,326.730,4678.430,37.2,37.2,0.05780,0.00,2.46,0,0.488,6.980,58.40,2.8290,3,193,17.8,396.90,5.04
181,Belmont                ,30,3572,-71.0995,42.2345,326.760,4677.730,39.8,39.8,0.06588,0.00,2.46,0,0.488,7.765,83.30,2.7410,3,193,17.8,395.56,7.56
182,Belmont                ,30,3573,-71.0966,42.2282,326.980,4677.030,36.2,36.2,0.06888,0.00,2.46,0,0.488,6.144,62.20,2.5979,3,193,17.8,396.90,9.45
183,Belmont                ,30,3574,-71.1005,42.2287,326.660,4677.090,37.9,37.9,0.09103,0.00,2.46,0,0.488,7.155,92.20,2.7006,3,193,17.8,394.12,4.82
184,Belmont                ,30,3575,-71.1065,42.2300,326.170,4677.250,32.5,32.5,0.10008,0.00,2.46,0,0.488,6.563,95.60,2.8470,3,193,17.8,396.90,5.68
185,Belmont                ,30,3576,-71.1120,42.2300,325.710,4677.260,26.4,26.4,0.08308,0.00,2.46,0,0.488,5.604,89.80,2.9879,3,193,17.8,391.00,13.98
186,Belmont                ,30,3577,-71.1175,42.2350,325.270,4677.830,29.6,29.6,0.06047,0.00,2.46,0,0.488,6.153,68.80,3.2797,3,193,17.8,387.11,13.15
187,Belmont                ,30,3578,-71.1115,42.2442,325.790,4678.830,50.0,50.0,0.05602,0.00,2.46,0,0.488,7.831,53.60,3.1992,3,193,17.8,392.63,4.45
188,Lexington              ,31,3581,-71.1220,42.2565,324.960,4680.220,32.0,32.0,0.07875,45.00,3.44,0,0.437,6.782,41.10,3.7886,5,398,15.2,393.87,6.68
189,Lexington              ,31,3583,-71.1408,42.2550,323.400,4680.090,29.8,29.8,0.12579,45.00,3.44,0,0.437,6.556,29.10,4.5667,5,398,15.2,382.84,4.56
190,Lexington              ,31,3584,-71.1450,42.2651,323.090,4681.220,34.9,34.9,0.08370,45.00,3.44,0,0.437,7.185,38.90,4.5667,5,398,15.2,396.90,5.39
191,Lexington              ,31,3585,-71.1216,42.2700,325.030,4681.720,37.0,33.0,0.09068,45.00,3.44,0,0.437,6.951,21.50,6.4798,5,398,15.2,377.68,5.10
192,Lexington              ,31,3586,-71.1485,42.2765,322.830,4682.500,30.5,30.5,0.06911,45.00,3.44,0,0.437,6.739,30.80,6.4798,5,398,15.2,389.71,4.69
193,Lexington              ,31,3587,-71.1340,42.2785,324.030,4682.690,36.4,36.4,0.08664,45.00,3.44,0,0.437,7.178,26.30,6.4798,5,398,15.2,390.49,2.87
194,Bedford                ,32,3591,-71.1525,42.3000,322.570,4685.120,31.1,31.1,0.02187,60.00,2.93,0,0.401,6.800,9.90,6.2196,1,265,15.6,393.37,5.03
195,Bedford                ,32,3592,-71.1633,42.3030,321.680,4685.470,29.1,29.1,0.01439,60.00,2.93,0,0.401,6.604,18.80,6.2196,1,265,15.6,376.70,4.38
196,Lincoln                ,33,3602,-71.1890,42.2525,319.420,4679.920,50.0,50.0,0.01381,80.00,0.46,0,0.422,7.875,32.00,5.6484,4,255,14.4,394.23,2.97
197,Concord                ,34,3611,-71.2200,42.2715,316.920,4682.090,33.3,33.3,0.04011,80.00,1.52,0,0.404,7.287,34.10,7.3090,2,329,12.6,396.90,4.08
198,Concord                ,34,3612,-71.2400,42.2725,315.270,4682.250,30.3,30.3,0.04666,80.00,1.52,0,0.404,7.107,36.60,7.3090,2,329,12.6,354.31,8.61
199,Concord                ,34,3613,-71.2220,42.2890,316.800,4684.040,34.6,34.6,0.03768,80.00,1.52,0,0.404,7.274,38.30,7.3090,2,329,12.6,392.20,6.62
200,Sudbury                ,35,3651,-71.2440,42.2425,314.850,4678.930,34.9,34.9,0.03150,95.00,1.47,0,0.403,6.975,15.30,7.6534,3,402,17.0,396.90,4.56
201,Sudbury                ,35,3652,-71.2630,42.2225,313.230,4676.750,32.9,32.9,0.01778,95.00,1.47,0,0.403,7.135,13.90,7.6534,3,402,17.0,384.30,4.45
202,Wayland                ,36,3661,-71.2185,42.1955,316.820,4673.650,24.1,24.1,0.03445,82.50,2.03,0,0.415,6.162,38.40,6.2700,2,348,14.7,393.77,7.43
203,Wayland                ,36,3662,-71.2140,42.2180,317.260,4676.140,42.3,42.3,0.02177,82.50,2.03,0,0.415,7.610,15.70,6.2700,2,348,14.7,395.38,3.11
204,Weston                 ,37,3671,-71.1990,42.2320,318.540,4677.660,48.5,48.5,0.03510,95.00,2.68,0,0.416,7.853,33.20,5.1180,4,224,14.7,392.78,3.81
205,Weston                 ,37,3672,-71.1990,42.2058,318.460,4674.750,50.0,50.0,0.02009,95.00,2.68,0,0.416,8.034,31.90,5.1180,4,224,14.7,390.55,2.88
206,Waltham                ,38,3681,-71.1475,42.2445,322.820,4678.940,22.6,22.6,0.13642,0.00,10.59,0,0.489,5.891,22.30,3.9454,4,277,18.6,396.90,10.87
207,Waltham                ,38,3682,-71.1500,42.2308,322.580,4677.430,24.4,24.4,0.22969,0.00,10.59,0,0.489,6.326,52.50,4.3549,4,277,18.6,394.87,10.97
208,Waltham                ,38,3683,-71.1490,42.2268,322.650,4676.980,22.5,22.5,0.25199,0.00,10.59,0,0.489,5.783,72.70,4.3549,4,277,18.6,389.43,18.06
209,Waltham                ,38,3684,-71.1503,42.2220,322.530,4676.450,24.4,24.4,0.13587,0.00,10.59,1,0.489,6.064,59.10,4.2392,4,277,18.6,381.32,14.66
210,Waltham                ,38,3685,-71.1430,42.2217,323.130,4676.400,20.0,20.0,0.43571,0.00,10.59,1,0.489,5.344,100.00,3.8750,4,277,18.6,396.90,23.09
211,Waltham                ,38,3686,-71.1435,42.2177,323.080,4675.960,21.7,21.7,0.17446,0.00,10.59,1,0.489,5.960,92.10,3.8771,4,277,18.6,393.25,17.27
212,Waltham                ,38,3687,-71.1380,42.2216,323.540,4676.380,19.3,19.3,0.37578,0.00,10.59,1,0.489,5.404,88.60,3.6650,4,277,18.6,395.24,23.98
213,Waltham                ,38,3688,-71.1335,42.2250,323.920,4676.750,22.4,22.4,0.21719,0.00,10.59,1,0.489,5.807,53.80,3.6526,4,277,18.6,390.94,16.03
214,Waltham                ,38,3689,-71.1375,42.2355,323.620,4677.920,28.1,28.1,0.14052,0.00,10.59,0,0.489,6.375,32.30,3.9454,4,277,18.6,385.81,9.38
215,Waltham                ,38,3690,-71.1270,42.2350,324.490,4677.840,23.7,23.7,0.28955,0.00,10.59,0,0.489,5.412,9.80,3.5875,4,277,18.6,348.93,29.55
216,Waltham                ,38,3691,-71.1245,42.2277,324.670,4677.030,25.0,25.0,0.19802,0.00,10.59,0,0.489,6.182,42.40,3.9454,4,277,18.6,393.63,9.47
217,Watertown              ,39,3701,-71.1166,42.2230,325.310,4676.490,23.3,23.3,0.04560,0.00,13.89,1,0.550,5.888,56.00,3.1121,5,276,16.4,392.80,13.51
218,Watertown              ,39,3702,-71.1050,42.2235,326.270,4676.520,28.7,28.7,0.07013,0.00,13.89,0,0.550,6.642,85.10,3.4211,5,276,16.4,392.78,9.69
219,Watertown              ,39,3703,-71.0933,42.2220,327.230,4676.330,21.5,21.5,0.11069,0.00,13.89,1,0.550,5.951,93.80,2.8893,5,276,16.4,396.90,17.92
220,Watertown              ,39,3704,-71.1060,42.2185,326.180,4675.970,23.0,23.0,0.11425,0.00,13.89,1,0.550,6.373,92.40,3.3633,5,276,16.4,393.74,10.50
221,Newton                 ,40,3731,-71.1100,42.2137,325.830,4675.440,26.7,26.7,0.35809,0.00,6.20,1,0.507,6.951,88.50,2.8617,8,307,17.4,391.70,9.71
222,Newton                 ,40,3732,-71.1210,42.2166,324.930,4675.790,21.7,21.7,0.40771,0.00,6.20,1,0.507,6.164,91.30,3.0480,8,307,17.4,395.24,21.46
223,Newton                 ,40,3733,-71.1250,42.2134,324.590,4675.440,27.5,27.5,0.62356,0.00,6.20,1,0.507,6.879,77.70,3.2721,8,307,17.4,390.39,9.93
224,Newton                 ,40,3734,-71.1208,42.2183,324.950,4675.980,30.1,30.1,0.61470,0.00,6.20,0,0.507,6.618,80.80,3.2721,8,307,17.4,396.90,7.60
225,Newton                 ,40,3735,-71.1100,42.2060,325.810,4674.590,44.8,44.8,0.31533,0.00,6.20,0,0.504,8.266,78.30,2.8944,8,307,17.4,385.05,4.14
226,Newton                 ,40,3736,-71.1012,42.1975,326.510,4673.630,50.0,50.0,0.52693,0.00,6.20,0,0.504,8.725,83.00,2.8944,8,307,17.4,382.00,4.63
227,Newton                 ,40,3737,-71.1215,42.2025,324.850,4674.220,37.6,37.6,0.38214,0.00,6.20,0,0.504,8.040,86.50,3.2157,8,307,17.4,387.38,3.13
228,Newton                 ,40,3738,-71.1160,42.1947,325.280,4673.350,31.6,31.6,0.41238,0.00,6.20,0,0.504,7.163,79.90,3.2157,8,307,17.4,372.08,6.36
229,Newton                 ,40,3739,-71.1100,42.1850,325.750,4672.260,46.7,46.7,0.29819,0.00,6.20,0,0.504,7.686,17.00,3.3751,8,307,17.4,377.51,3.92
230,Newton                 ,40,3740,-71.1190,42.1807,325.000,4671.800,31.5,31.5,0.44178,0.00,6.20,0,0.504,6.552,21.40,3.3751,8,307,17.4,380.34,3.76
231,Newton                 ,40,3741,-71.1300,42.1880,324.110,4672.630,24.3,24.3,0.53700,0.00,6.20,0,0.504,5.981,68.10,3.6715,8,307,17.4,378.35,11.65
232,Newton                 ,40,3742,-71.1285,42.1930,324.250,4673.180,31.7,31.7,0.46296,0.00,6.20,0,0.504,7.412,76.90,3.6715,8,307,17.4,376.14,5.25
233,Newton                 ,40,3743,-71.1400,42.1946,323.300,4673.390,41.7,41.7,0.57529,0.00,6.20,0,0.507,8.337,73.30,3.8384,8,307,17.4,385.91,2.47
234,Newton                 ,40,3744,-71.1340,42.2040,323.820,4674.420,48.3,48.3,0.33147,0.00,6.20,0,0.507,8.247,70.40,3.6519,8,307,17.4,378.95,3.95
235,Newton                 ,40,3745,-71.1320,42.2142,324.020,4675.550,29.0,29.0,0.44791,0.00,6.20,1,0.507,6.726,66.50,3.6519,8,307,17.4,360.20,8.05
236,Newton                 ,40,3746,-71.1380,42.2141,323.520,4675.550,24.0,24.0,0.33045,0.00,6.20,0,0.507,6.086,61.50,3.6519,8,307,17.4,376.75,10.88
237,Newton                 ,40,3747,-71.1485,42.2110,322.650,4675.220,25.1,25.1,0.52058,0.00,6.20,1,0.507,6.631,76.50,4.1480,8,307,17.4,388.45,9.54
238,Newton                 ,40,3748,-71.1491,42.2030,322.570,4674.340,31.5,31.5,0.51183,0.00,6.20,0,0.507,7.358,71.60,4.1480,8,307,17.4,390.07,4.73
239,Natick                 ,41,3821,-71.2055,42.1875,317.870,4672.740,23.7,23.7,0.08244,30.00,4.93,0,0.428,6.481,18.50,6.1899,6,300,16.6,379.41,6.36
240,Natick                 ,41,3822,-71.2035,42.1870,318.040,4672.680,23.3,23.3,0.09252,30.00,4.93,0,0.428,6.606,42.20,6.1899,6,300,16.6,383.78,7.37
241,Natick                 ,41,3823,-71.1966,42.1640,318.540,4670.110,22.0,27.0,0.11329,30.00,4.93,0,0.428,6.897,54.30,6.3361,6,300,16.6,391.25,11.38
242,Natick                 ,41,3824,-71.2138,42.1645,317.120,4670.200,20.1,20.1,0.10612,30.00,4.93,0,0.428,6.095,65.10,6.3361,6,300,16.6,394.62,12.40
243,Natick                 ,41,3825,-71.2200,42.1782,316.650,4671.730,22.2,22.2,0.10290,30.00,4.93,0,0.428,6.358,52.90,7.0355,6,300,16.6,372.75,11.22
244,Natick                 ,41,3826,-71.2320,42.1725,315.640,4671.130,23.7,23.7,0.12757,30.00,4.93,0,0.428,6.393,7.80,7.0355,6,300,16.6,374.71,5.19
245,Framingham             ,42,3831,-71.2435,42.1630,314.660,4670.100,17.6,17.6,0.20608,22.00,5.86,0,0.431,5.593,76.50,7.9549,7,330,19.1,372.49,12.50
246,Framingham             ,42,3832,-71.2575,42.1618,313.500,4669.990,18.5,18.5,0.19133,22.00,5.86,0,0.431,5.605,70.20,7.9549,7,330,19.1,389.13,18.46
247,Framingham             ,42,3833,-71.2620,42.1690,313.150,4670.800,24.3,24.3,0.33983,22.00,5.86,0,0.431,6.108,34.90,8.0555,7,330,19.1,390.18,9.16
248,Framingham             ,42,3834,-71.2470,42.1703,314.400,4670.910,20.5,20.5,0.19657,22.00,5.86,0,0.431,6.226,79.20,8.0555,7,330,19.1,376.14,10.15
249,Framingham             ,42,3835,-71.2550,42.1767,313.750,4671.640,24.5,24.5,0.16439,22.00,5.86,0,0.431,6.433,49.10,7.8265,7,330,19.1,374.71,9.52
250,Framingham             ,42,3836,-71.2475,42.1825,314.390,4672.270,26.2,26.2,0.19073,22.00,5.86,0,0.431,6.718,17.50,7.8265,7,330,19.1,393.74,6.56
251,Framingham             ,42,3837,-71.2380,42.1910,315.200,4673.190,24.4,24.4,0.14030,22.00,5.86,0,0.431,6.487,13.00,7.3967,7,330,19.1,396.28,5.90
252,Framingham             ,42,3838,-71.2435,42.1982,314.770,4674.010,24.8,24.8,0.21409,22.00,5.86,0,0.431,6.438,8.90,7.3967,7,330,19.1,377.07,3.59
253,Framingham             ,42,3839,-71.2685,42.1935,312.690,4673.540,29.6,29.6,0.08221,22.00,5.86,0,0.431,6.957,6.80,8.9067,7,330,19.1,386.09,3.53
254,Framingham             ,42,3840,-71.2807,42.1727,311.620,4671.260,42.8,42.8,0.36894,22.00,5.86,0,0.431,8.259,8.40,8.9067,7,330,19.1,396.90,3.54
255,Ashland                ,43,3851,-71.2895,42.1575,310.850,4669.590,21.9,21.9,0.04819,80.00,3.64,0,0.392,6.108,32.00,9.2203,1,315,16.4,392.89,6.57
256,Ashland                ,43,3852,-71.2690,42.1482,312.510,4668.510,20.9,20.9,0.03548,80.00,3.64,0,0.392,5.876,19.10,9.2203,1,315,16.4,395.18,9.25
257,Sherborn               ,44,3861,-71.2230,42.1450,316.310,4668.050,44.0,44.0,0.01538,90.00,3.75,0,0.394,7.454,34.20,6.3361,3,244,15.9,386.34,3.11
258,Brookline              ,45,4001,-71.0679,42.2073,329.290,4674.650,50.0,50.0,0.61154,20.00,3.97,0,0.647,8.704,86.90,1.8010,5,264,13.0,389.70,5.12
259,Brookline              ,45,4002,-71.0727,42.2077,328.890,4674.700,36.0,36.0,0.66351,20.00,3.97,0,0.647,7.333,100.00,1.8946,5,264,13.0,383.29,7.79
260,Brookline              ,45,4003,-71.0765,42.2075,328.580,4674.690,30.1,30.1,0.65665,20.00,3.97,0,0.647,6.842,100.00,2.0107,5,264,13.0,391.93,6.90
261,Brookline              ,45,4004,-71.0800,42.2040,328.280,4674.310,33.8,33.8,0.54011,20.00,3.97,0,0.647,7.203,81.80,2.1121,5,264,13.0,392.80,9.59
262,Brookline              ,45,4005,-71.0790,42.2020,328.360,4674.080,43.1,43.1,0.53412,20.00,3.97,0,0.647,7.520,89.40,2.1398,5,264,13.0,388.37,7.26
263,Brookline              ,45,4006,-71.0835,42.2000,327.980,4673.870,48.8,48.8,0.52014,20.00,3.97,0,0.647,8.398,91.50,2.2885,5,264,13.0,386.86,5.91
264,Brookline              ,45,4007,-71.0750,42.1980,328.680,4673.630,31.0,31.0,0.82526,20.00,3.97,0,0.647,7.327,94.50,2.0788,5,264,13.0,393.42,11.25
265,Brookline              ,45,4008,-71.0710,42.2030,329.020,4674.180,36.5,36.5,0.55007,20.00,3.97,0,0.647,7.206,91.60,1.9301,5,264,13.0,387.89,8.10
266,Brookline              ,45,4009,-71.0700,42.2000,329.100,4673.840,22.8,22.8,0.76162,20.00,3.97,0,0.647,5.560,62.80,1.9865,5,264,13.0,392.40,10.45
267,Brookline              ,45,4010,-71.0725,42.1965,328.880,4673.460,30.7,30.7,0.78570,20.00,3.97,0,0.647,7.014,84.60,2.1329,5,264,13.0,384.07,14.79
268,Brookline              ,45,4011,-71.0850,42.1925,327.840,4673.040,50.0,50.0,0.57834,20.00,3.97,0,0.575,8.297,67.00,2.4216,5,264,13.0,384.54,7.44
269,Brookline              ,45,4012,-71.0925,42.2075,327.260,4674.720,43.5,43.5,0.54050,20.00,3.97,0,0.575,7.470,52.60,2.8720,5,264,13.0,390.30,3.16
270,Dedham                 ,46,4021,-71.0980,42.1540,326.660,4668.790,20.7,20.7,0.09065,20.00,6.96,1,0.464,5.920,61.50,3.9175,3,223,18.6,391.34,13.65
271,Dedham                 ,46,4022,-71.0870,42.1410,327.530,4667.330,21.1,21.1,0.29916,20.00,6.96,0,0.464,5.856,42.10,4.4290,3,223,18.6,388.65,13.00
272,Dedham                 ,46,4023,-71.0940,42.1355,326.940,4666.730,25.2,25.2,0.16211,20.00,6.96,0,0.464,6.240,16.30,4.4290,3,223,18.6,396.90,6.59
273,Dedham                 ,46,4024,-71.0982,42.1445,326.620,4667.740,24.4,24.4,0.11460,20.00,6.96,0,0.464,6.538,58.70,3.9175,3,223,18.6,394.96,7.73
274,Dedham                 ,46,4025,-71.1170,42.1510,325.080,4668.500,35.2,35.2,0.22188,20.00,6.96,1,0.464,7.691,51.80,4.3665,3,223,18.6,390.77,6.58
275,Needham                ,47,4031,-71.1305,42.1675,324.010,4670.360,32.4,32.4,0.05644,40.00,6.41,1,0.447,6.758,32.90,4.0776,4,254,17.6,396.90,3.53
276,Needham                ,47,4032,-71.1380,42.1733,323.410,4671.020,32.0,32.0,0.09604,40.00,6.41,0,0.447,6.854,42.80,4.2673,4,254,17.6,396.90,2.98
277,Needham                ,47,4033,-71.1405,42.1632,323.170,4669.900,33.2,33.2,0.10469,40.00,6.41,1,0.447,7.267,49.00,4.7872,4,254,17.6,389.25,6.05
278,Needham                ,47,4034,-71.1495,42.1730,322.460,4671.010,33.1,33.1,0.06127,40.00,6.41,1,0.447,6.826,27.60,4.8628,4,254,17.6,393.45,4.16
279,Needham                ,47,4035,-71.1395,42.1813,323.310,4671.910,29.1,29.1,0.07978,40.00,6.41,0,0.447,6.482,32.10,4.1403,4,254,17.6,396.90,7.19
280,Wellesley              ,48,4041,-71.1480,42.1880,322.620,4672.670,35.1,35.1,0.21038,20.00,3.33,0,0.443,6.812,32.20,4.1007,5,216,14.9,396.90,4.85
281,Wellesley              ,48,4042,-71.1660,42.1870,321.130,4672.600,45.4,45.4,0.03578,20.00,3.33,0,0.443,7.820,64.50,4.6947,5,216,14.9,387.31,3.76
282,Wellesley              ,48,4043,-71.1850,42.1848,319.560,4672.390,35.4,35.4,0.03705,20.00,3.33,0,0.443,6.968,37.20,5.2447,5,216,14.9,392.23,4.59
283,Wellesley              ,48,4044,-71.1775,42.1735,320.150,4671.120,46.0,46.0,0.06129,20.00,3.33,1,0.443,7.645,49.70,5.2119,5,216,14.9,377.07,3.01
284,Dover                  ,49,4051,-71.1730,42.1475,320.440,4668.220,50.0,50.0,0.01501,90.00,1.21,1,0.401,7.923,24.80,5.8850,1,198,13.6,395.52,3.16
285,Medfield               ,50,4061,-71.1800,42.1105,319.760,4664.130,32.2,32.2,0.00906,90.00,2.97,0,0.400,7.088,20.80,7.3073,1,285,15.3,394.72,7.85
286,Millis                 ,51,4071,-71.2135,42.1000,316.960,4663.040,22.0,22.0,0.01096,55.00,2.25,0,0.389,6.453,31.90,7.3073,1,300,15.3,394.72,8.23
287,Norfolk                ,52,4091,-71.1950,42.0675,318.400,4659.390,20.1,20.1,0.01965,80.00,1.76,0,0.385,6.230,31.50,9.0892,1,241,18.2,341.60,12.93
288,Walpole                ,53,4111,-71.1480,42.0775,322.310,4660.400,23.2,23.2,0.03871,52.50,5.32,0,0.405,6.209,31.30,7.3172,6,293,16.6,396.90,7.14
289,Walpole                ,53,4112,-71.1325,42.0940,323.640,4662.200,22.3,22.3,0.04590,52.50,5.32,0,0.405,6.315,45.60,7.3172,6,293,16.6,396.90,7.60
290,Walpole                ,53,4113,-71.1550,42.0980,321.790,4662.690,24.8,24.8,0.04297,52.50,5.32,0,0.405,6.565,22.90,7.3172,6,293,16.6,371.72,9.51
291,Westwood               ,54,4121,-71.1385,42.1235,323.230,4665.490,28.5,28.5,0.03502,80.00,4.95,0,0.411,6.861,27.90,5.1167,4,245,19.2,396.90,3.33
292,Westwood               ,54,4122,-71.1330,42.1408,323.730,4667.400,37.3,37.3,0.07886,80.00,4.95,0,0.411,7.148,27.70,5.1167,4,245,19.2,396.90,3.56
293,Westwood               ,54,4123,-71.1070,42.1307,325.850,4666.220,27.9,27.9,0.03615,80.00,4.95,0,0.411,6.630,23.40,5.1167,4,245,19.2,396.90,4.70
294,Norwood                ,55,4131,-71.1090,42.1100,325.630,4663.930,23.9,23.9,0.08265,0.00,13.92,0,0.437,6.127,18.40,5.5027,4,289,16.0,396.90,8.58
295,Norwood                ,55,4132,-71.1180,42.1217,324.920,4665.250,21.7,21.7,0.08199,0.00,13.92,0,0.437,6.009,42.30,5.5027,4,289,16.0,396.90,10.40
296,Norwood                ,55,4133,-71.1309,42.1166,323.840,4664.710,28.6,28.6,0.12932,0.00,13.92,0,0.437,6.678,31.10,5.9604,4,289,16.0,396.90,6.27
297,Norwood                ,55,4134,-71.1280,42.1108,324.060,4664.060,27.1,27.1,0.05372,0.00,13.92,0,0.437,6.549,51.00,5.9604,4,289,16.0,392.85,7.39
298,Norwood                ,55,4135,-71.1210,42.1025,324.620,4663.120,20.3,20.3,0.14103,0.00,13.92,0,0.437,5.790,58.00,6.3200,4,289,16.0,396.90,15.84
299,Sharon                 ,56,4141,-71.1200,42.0725,324.620,4659.790,22.5,22.5,0.06466,70.00,2.24,0,0.400,6.345,20.10,7.8278,5,358,14.8,368.24,4.97
300,Sharon                 ,56,4142,-71.1000,42.0590,326.230,4658.250,29.0,29.0,0.05561,70.00,2.24,0,0.400,7.041,10.00,7.8278,5,358,14.8,371.58,4.74
301,Sharon                 ,56,4143,-71.1035,42.0735,325.980,4659.860,24.8,24.8,0.04417,70.00,2.24,0,0.400,6.871,47.40,7.8278,5,358,14.8,390.86,6.07
302,Canton                 ,57,4151,-71.0875,42.0950,327.370,4662.220,22.0,22.0,0.03537,34.00,6.09,0,0.433,6.590,40.40,5.4917,7,329,16.1,395.75,9.50
303,Canton                 ,57,4152,-71.0625,42.1020,329.450,4662.950,26.4,26.4,0.09266,34.00,6.09,0,0.433,6.495,18.40,5.4917,7,329,16.1,383.61,8.67
304,Canton                 ,57,4153,-71.0865,42.1200,327.520,4664.990,33.1,33.1,0.10000,34.00,6.09,0,0.433,6.982,17.70,5.4917,7,329,16.1,390.43,4.86
305,Milton                 ,58,4161,-71.0465,42.1450,330.890,4667.690,36.1,36.1,0.05515,33.00,2.18,0,0.472,7.236,41.10,4.0220,7,222,18.4,393.68,6.93
306,Milton                 ,58,4162,-71.0570,42.1525,330.040,4668.540,28.4,28.4,0.05479,33.00,2.18,0,0.472,6.616,58.10,3.3700,7,222,18.4,393.36,8.93
307,Milton                 ,58,4163,-71.0450,42.1590,331.050,4669.240,33.4,33.4,0.07503,33.00,2.18,0,0.472,7.420,71.90,3.0992,7,222,18.4,396.90,6.47
308,Milton                 ,58,4164,-71.0280,42.1565,332.450,4668.930,28.2,28.2,0.04932,33.00,2.18,0,0.472,6.849,70.30,3.1827,7,222,18.4,396.90,7.53
309,Quincy                 ,59,4171,-71.0138,42.1555,333.620,4668.790,22.8,22.8,0.49298,0.00,9.90,0,0.544,6.635,82.50,3.3175,4,304,18.4,396.90,4.54
310,Quincy                 ,59,4172,-71.0201,42.1600,333.110,4669.300,20.3,20.3,0.34940,0.00,9.90,0,0.544,5.972,76.70,3.1025,4,304,18.4,396.24,9.97
311,Quincy                 ,59,4173,-71.0160,42.1760,333.490,4671.070,16.1,16.1,2.63548,0.00,9.90,0,0.544,4.973,37.80,2.5194,4,304,18.4,350.45,12.64
312,Quincy                 ,59,4174,-71.0075,42.1780,334.200,4671.280,22.1,22.1,0.79041,0.00,9.90,0,0.544,6.122,52.80,2.6403,4,304,18.4,396.90,5.98
313,Quincy                 ,59,4175,-71.0150,42.1670,333.550,4670.070,19.4,19.4,0.26169,0.00,9.90,0,0.544,6.023,90.40,2.8340,4,304,18.4,396.30,11.72
314,Quincy                 ,59,4176,-71.0075,42.1613,334.160,4669.420,21.6,21.6,0.26938,0.00,9.90,0,0.544,6.266,82.80,3.2628,4,304,18.4,393.39,7.90
315,Quincy                 ,59,4177,-71.0000,42.1530,334.750,4668.490,23.8,23.8,0.36920,0.00,9.90,0,0.544,6.567,87.30,3.6023,4,304,18.4,395.69,9.28
316,Quincy                 ,59,4178,-70.9795,42.1580,336.460,4669.000,16.2,16.2,0.25356,0.00,9.90,0,0.544,5.705,77.70,3.9450,4,304,18.4,396.42,11.50
317,Quincy                 ,59,4179,-70.9880,42.1485,335.730,4667.960,17.8,17.8,0.31827,0.00,9.90,0,0.544,5.914,83.20,3.9986,4,304,18.4,390.70,18.33
318,Quincy                 ,59,4180,-71.0040,42.1425,334.400,4667.330,19.8,19.8,0.24522,0.00,9.90,0,0.544,5.782,71.70,4.0317,4,304,18.4,396.90,15.94
319,Quincy                 ,59,4181,-71.0100,42.1500,333.920,4668.170,23.1,23.1,0.40202,0.00,9.90,0,0.544,6.382,67.20,3.5325,4,304,18.4,395.21,10.36
320,Quincy                 ,59,4182,-71.0200,42.1510,333.100,4668.300,21.0,21.0,0.47547,0.00,9.90,0,0.544,6.113,58.80,4.0019,4,304,18.4,396.23,12.73
321,Braintree              ,60,4191,-71.0085,42.1290,333.990,4665.840,23.8,23.8,0.16760,0.00,7.38,0,0.493,6.426,52.30,4.5404,5,287,19.6,396.90,7.20
322,Braintree              ,60,4192,-70.9975,42.1340,334.910,4666.370,23.1,23.1,0.18159,0.00,7.38,0,0.493,6.376,54.30,4.5404,5,287,19.6,396.90,6.87
323,Braintree              ,60,4193,-70.9900,42.1367,335.540,4666.660,20.4,20.4,0.35114,0.00,7.38,0,0.493,6.041,49.90,4.7211,5,287,19.6,396.90,7.70
324,Braintree              ,60,4194,-70.9834,42.1375,336.090,4666.730,18.5,18.5,0.28392,0.00,7.38,0,0.493,5.708,74.30,4.7211,5,287,19.6,391.13,11.74
325,Braintree              ,60,4195,-70.9895,42.1265,335.550,4665.520,25.0,25.0,0.34109,0.00,7.38,0,0.493,6.415,40.10,4.7211,5,287,19.6,396.90,6.12
326,Braintree              ,60,4196,-71.0000,42.1066,334.630,4663.330,24.6,24.6,0.19186,0.00,7.38,0,0.493,6.431,14.70,5.4159,5,287,19.6,393.68,5.08
327,Braintree              ,60,4197,-70.9995,42.1175,334.700,4664.540,23.0,23.0,0.30347,0.00,7.38,0,0.493,6.312,28.90,5.4159,5,287,19.6,396.90,6.15
328,Braintree              ,60,4198,-71.0100,42.1215,333.850,4665.010,22.2,22.2,0.24103,0.00,7.38,0,0.493,6.083,43.70,5.4159,5,287,19.6,396.90,12.79
329,Randolph               ,61,4201,-71.0275,42.1130,332.380,4664.100,19.3,19.3,0.06617,0.00,3.24,0,0.460,5.868,25.80,5.2146,4,430,16.9,382.44,9.97
330,Randolph               ,61,4202,-71.0415,42.1150,331.220,4664.350,22.6,22.6,0.06724,0.00,3.24,0,0.460,6.333,17.20,5.2146,4,430,16.9,375.21,7.34
331,Randolph               ,61,4203,-71.0250,42.0980,332.540,4662.430,19.8,19.8,0.04544,0.00,3.24,0,0.460,6.144,32.20,5.8736,4,430,16.9,368.57,9.09
332,Holbrook               ,62,4211,-71.0115,42.0865,333.630,4661.120,17.1,17.1,0.05023,35.00,6.06,0,0.438,5.706,28.40,6.6407,1,304,16.9,394.02,12.43
333,Holbrook               ,62,4212,-70.9960,42.0895,334.920,4661.430,19.4,19.4,0.03466,35.00,6.06,0,0.438,6.031,23.30,6.6407,1,304,16.9,362.25,7.83
334,Weymouth               ,63,4221,-70.9795,42.0995,336.310,4662.510,22.2,22.2,0.05083,0.00,5.19,0,0.515,6.316,38.10,6.4584,5,224,20.2,389.71,5.68
335,Weymouth               ,63,4222,-70.9650,42.1010,337.510,4662.640,20.7,20.7,0.03738,0.00,5.19,0,0.515,6.310,38.50,6.4584,5,224,20.2,389.40,6.75
336,Weymouth               ,63,4223,-70.9700,42.1150,337.140,4664.210,21.1,21.1,0.03961,0.00,5.19,0,0.515,6.037,34.50,5.9853,5,224,20.2,396.90,8.01
337,Weymouth               ,63,4224,-70.9760,42.1280,336.670,4665.660,19.5,19.5,0.03427,0.00,5.19,0,0.515,5.869,46.30,5.2311,5,224,20.2,396.90,9.80
338,Weymouth               ,63,4225,-70.9602,42.1270,337.980,4665.520,18.5,18.5,0.03041,0.00,5.19,0,0.515,5.895,59.60,5.6150,5,224,20.2,394.81,10.56
339,Weymouth               ,63,4226,-70.9633,42.1374,337.750,4666.680,20.6,20.6,0.03306,0.00,5.19,0,0.515,6.059,37.30,4.8122,5,224,20.2,396.14,8.51
340,Weymouth               ,63,4227,-70.9675,42.1440,337.420,4667.420,19.0,19.0,0.05497,0.00,5.19,0,0.515,5.985,45.40,4.8122,5,224,20.2,396.90,9.74
341,Weymouth               ,63,4228,-70.9650,42.1503,337.640,4668.120,18.7,18.7,0.06151,0.00,5.19,0,0.515,5.968,58.50,4.8122,5,224,20.2,396.90,9.29
342,Cohasset               ,64,4231,-70.8875,42.1465,344.030,4667.550,32.7,32.7,0.01301,35.00,1.52,0,0.442,7.241,49.30,7.0379,1,284,15.5,394.74,5.49
343,Hull                   ,65,5001,-70.9150,42.1600,341.790,4669.100,16.5,16.5,0.02498,0.00,1.89,0,0.518,6.540,59.70,6.2669,1,422,15.9,389.96,8.65
344,Hingham                ,66,5011,-70.9370,42.1475,339.950,4667.760,23.9,23.9,0.02543,55.00,3.78,0,0.484,6.696,56.40,5.7321,5,370,17.6,396.90,7.18
345,Hingham                ,66,5012,-70.9325,42.1230,340.260,4665.030,31.2,31.2,0.03049,55.00,3.78,0,0.484,6.874,28.10,6.4654,5,370,17.6,387.97,4.61
346,Rockland               ,67,5021,-70.9470,42.0725,338.930,4659.450,17.5,17.5,0.03113,0.00,4.39,0,0.442,6.014,48.50,8.0136,3,352,18.8,385.64,10.53
347,Rockland               ,67,5022,-70.9501,42.0825,338.700,4660.560,17.2,17.2,0.06162,0.00,4.39,0,0.442,5.898,52.30,8.0136,3,352,18.8,364.61,12.67
348,Hanover                ,68,5031,-70.9275,42.0795,340.560,4660.190,23.1,23.1,0.01870,85.00,4.15,0,0.429,6.516,27.70,8.5353,4,351,17.9,392.43,6.36
349,Norwell                ,69,5041,-70.9200,42.1016,341.240,4662.630,24.5,24.5,0.01501,80.00,2.01,0,0.435,6.635,29.70,8.3440,4,280,17.0,390.94,5.99
350,Scituate               ,70,5051,-70.8550,42.1300,346.680,4665.660,26.6,26.6,0.02899,40.00,1.25,0,0.429,6.939,34.50,8.7921,1,335,19.7,389.85,5.89
351,Scituate               ,70,5052,-70.8330,42.1150,348.460,4663.960,22.9,22.9,0.06211,40.00,1.25,0,0.429,6.490,44.40,8.7921,1,335,19.7,396.90,5.98
352,Marshfield             ,71,5061,-70.8300,42.0775,348.620,4659.790,24.1,24.1,0.07950,60.00,1.69,0,0.411,6.579,35.90,10.7103,4,411,18.3,370.78,5.49
353,Marshfield             ,71,5062,-70.8100,42.0590,350.230,4657.700,18.6,18.6,0.07244,60.00,1.69,0,0.411,5.884,18.50,10.7103,4,411,18.3,392.33,7.79
354,Duxbury                ,72,5071,-70.8300,42.0485,348.550,4656.570,30.1,30.1,0.01709,90.00,2.02,0,0.410,6.728,36.10,12.1265,5,187,17.0,384.46,4.50
355,Pembroke               ,73,5081,-70.8530,42.0520,346.660,4657.000,18.2,18.2,0.04301,80.00,1.91,0,0.413,5.663,21.90,10.5857,4,334,22.0,382.80,8.05
356,Pembroke               ,73,5082,-70.8525,42.0300,346.650,4654.550,20.6,20.6,0.10659,80.00,1.91,0,0.413,5.936,19.50,10.5857,4,334,22.0,376.04,5.57
357,Boston Allston-Brighton,74,1,-71.0830,42.2172,328.070,4675.780,17.8,17.8,8.98296,0.00,18.10,1,0.770,6.212,97.40,2.1222,24,666,20.2,377.73,17.60
358,Boston Allston-Brighton,74,2,-71.0950,42.2120,327.070,4675.230,21.7,21.7,3.84970,0.00,18.10,1,0.770,6.395,91.00,2.5052,24,666,20.2,391.34,13.27
359,Boston Allston-Brighton,74,3,-71.1007,42.2100,326.590,4675.020,22.7,22.7,5.20177,0.00,18.10,1,0.770,6.127,83.40,2.7227,24,666,20.2,395.43,11.48
360,Boston Allston-Brighton,74,4,-71.0930,42.2070,327.220,4674.670,22.6,22.6,4.26131,0.00,18.10,0,0.770,6.112,81.30,2.5091,24,666,20.2,390.74,12.67
361,Boston Allston-Brighton,74,5,-71.0905,42.2033,327.410,4674.250,25.0,25.0,4.54192,0.00,18.10,0,0.770,6.398,88.00,2.5182,24,666,20.2,374.56,7.79
362,Boston Allston-Brighton,74,6,-71.0865,42.2100,327.760,4674.990,19.9,19.9,3.83684,0.00,18.10,0,0.770,6.251,91.10,2.2955,24,666,20.2,350.65,14.19
363,Boston Allston-Brighton,74,7,-71.0810,42.2080,328.210,4674.750,20.8,20.8,3.67822,0.00,18.10,0,0.770,5.362,96.20,2.1036,24,666,20.2,380.79,10.19
364,Boston Allston-Brighton,74,8,-71.0865,42.2150,327.780,4675.540,16.8,16.8,4.22239,0.00,18.10,1,0.770,5.803,89.00,1.9047,24,666,20.2,353.04,14.64
365,Boston Back Bay        ,75,101,-71.0590,42.2098,330.030,4674.910,21.9,21.9,3.47428,0.00,18.10,1,0.718,8.780,82.90,1.9047,24,666,20.2,354.55,5.29
366,Boston Back Bay        ,75,102,-71.0595,42.2075,329.980,4674.650,27.5,27.5,4.55587,0.00,18.10,0,0.718,3.561,87.90,1.6132,24,666,20.2,354.70,7.12
367,Boston Back Bay        ,75,104,-71.0540,42.2052,330.430,4674.390,21.9,21.9,3.69695,0.00,18.10,0,0.718,4.963,91.40,1.7523,24,666,20.2,316.03,14.00
368,Boston Back Bay        ,75,105,-71.0508,42.2070,330.700,4674.580,23.1,23.1,13.52220,0.00,18.10,0,0.631,3.863,100.00,1.5106,24,666,20.2,131.42,13.33
369,Boston Back Bay        ,75,107,-71.0480,42.2105,330.940,4674.960,50.0,50.0,4.89822,0.00,18.10,0,0.631,4.970,100.00,1.3325,24,666,20.2,375.52,3.26
370,Boston Back Bay        ,75,108,-71.0497,42.2125,330.810,4675.190,50.0,50.0,5.66998,0.00,18.10,1,0.631,6.683,96.80,1.3567,24,666,20.2,375.33,3.73
371,Boston Beacon Hill     ,76,201,-71.0422,42.2144,331.430,4675.390,50.0,50.0,6.53876,0.00,18.10,1,0.631,7.016,97.50,1.2024,24,666,20.2,392.05,2.96
372,Boston Beacon Hill     ,76,202,-71.0417,42.2160,331.480,4675.560,50.0,50.0,9.23230,0.00,18.10,0,0.631,6.216,100.00,1.1691,24,666,20.2,366.15,9.53
373,Boston Beacon Hill     ,76,203,-71.0397,42.2182,331.650,4675.800,50.0,50.0,8.26725,0.00,18.10,1,0.668,5.875,89.60,1.1296,24,666,20.2,347.88,8.88
374,Boston North End       ,77,301,-71.0339,42.2207,332.130,4676.070,13.8,13.8,11.10810,0.00,18.10,0,0.668,4.906,100.00,1.1742,24,666,20.2,396.90,34.77
375,Boston North End       ,77,302,-71.0346,42.2187,332.070,4675.850,13.8,13.8,18.49820,0.00,18.10,0,0.668,4.138,100.00,1.1370,24,666,20.2,396.90,37.97
376,Boston Charlestown     ,78,401,-71.0367,42.2240,331.910,4676.440,15.0,15.0,19.60910,0.00,18.10,0,0.671,7.313,97.90,1.3163,24,666,20.2,396.90,13.44
377,Boston Charlestown     ,78,402,-71.0340,42.2260,332.140,4676.660,13.9,13.9,15.28800,0.00,18.10,0,0.671,6.649,93.30,1.3449,24,666,20.2,363.02,23.24
378,Boston Charlestown     ,78,403,-71.0380,42.2265,331.810,4676.720,13.3,13.3,9.82349,0.00,18.10,0,0.671,6.794,98.80,1.3580,24,666,20.2,396.90,21.24
379,Boston Charlestown     ,78,404,-71.0400,42.2248,331.640,4676.540,13.1,13.1,23.64820,0.00,18.10,0,0.671,6.380,96.20,1.3861,24,666,20.2,396.90,23.69
380,Boston Charlestown     ,78,405,-71.0400,42.2275,331.650,4676.840,10.2,10.2,17.86670,0.00,18.10,0,0.671,6.223,100.00,1.3861,24,666,20.2,393.74,21.78
381,Boston Charlestown     ,78,406,-71.0460,42.2300,331.160,4677.130,10.4,10.4,88.97620,0.00,18.10,0,0.671,6.968,91.90,1.4165,24,666,20.2,396.90,17.21
382,Boston East Boston     ,79,407,-71.0410,42.2290,331.570,4677.010,10.9,10.9,15.87440,0.00,18.10,0,0.671,6.545,99.10,1.5192,24,666,20.2,396.90,21.08
383,Boston East Boston     ,79,501,-71.0230,42.2287,333.050,4676.940,11.3,11.3,9.18702,0.00,18.10,0,0.700,5.536,100.00,1.5804,24,666,20.2,396.90,23.60
384,Boston East Boston     ,79,502,-71.0215,42.2270,333.170,4676.740,12.3,12.3,7.99248,0.00,18.10,0,0.700,5.520,100.00,1.5331,24,666,20.2,396.90,24.56
385,Boston East Boston     ,79,503,-71.0245,42.2235,332.920,4676.360,8.8,8.8,20.08490,0.00,18.10,0,0.700,4.368,91.20,1.4395,24,666,20.2,285.83,30.63
386,Boston East Boston     ,79,504,-71.0235,42.2213,332.990,4676.120,7.2,7.2,16.81180,0.00,18.10,0,0.700,5.277,98.10,1.4261,24,666,20.2,396.90,30.81
387,Boston East Boston     ,79,506,-71.0228,42.2231,333.050,4676.310,10.5,10.5,24.39380,0.00,18.10,0,0.700,4.652,100.00,1.4672,24,666,20.2,396.90,28.28
388,Boston East Boston     ,79,507,-71.0215,42.2248,333.170,4676.500,7.4,7.4,22.59710,0.00,18.10,0,0.700,5.000,89.50,1.5184,24,666,20.2,396.90,31.99
389,Boston East Boston     ,79,508,-71.0195,42.2255,333.330,4676.570,10.2,10.2,14.33370,0.00,18.10,0,0.700,4.880,100.00,1.5895,24,666,20.2,372.92,30.62
390,Boston East Boston     ,79,509,-71.0168,42.2281,333.560,4676.860,11.5,11.5,8.15174,0.00,18.10,0,0.700,5.390,98.90,1.7281,24,666,20.2,396.90,20.85
391,Boston East Boston     ,79,510,-71.0109,42.2300,334.060,4677.060,15.1,15.1,6.96215,0.00,18.10,0,0.700,5.713,97.00,1.9265,24,666,20.2,394.43,17.11
392,Boston East Boston     ,79,511,-71.0035,42.2330,334.670,4677.380,23.2,23.2,5.29305,0.00,18.10,0,0.700,6.051,82.50,2.1678,24,666,20.2,378.38,18.76
393,Boston East Boston     ,79,512,-71.0200,42.2205,333.280,4676.020,9.7,9.7,11.57790,0.00,18.10,0,0.700,5.036,97.00,1.7700,24,666,20.2,396.90,25.68
394,Boston South Boston    ,80,601,-71.0167,42.2010,333.500,4673.850,13.8,13.8,8.64476,0.00,18.10,0,0.693,6.193,92.60,1.7912,24,666,20.2,396.90,15.17
395,Boston South Boston    ,80,602,-71.0200,42.1993,333.220,4673.670,12.7,12.7,13.35980,0.00,18.10,0,0.693,5.887,94.70,1.7821,24,666,20.2,396.90,16.35
396,Boston South Boston    ,80,603,-71.0220,42.1996,333.060,4673.700,13.1,13.1,8.71675,0.00,18.10,0,0.693,6.471,98.80,1.7257,24,666,20.2,391.98,17.12
397,Boston South Boston    ,80,604,-71.0260,42.1993,332.730,4673.680,12.5,12.5,5.87205,0.00,18.10,0,0.693,6.405,96.00,1.6768,24,666,20.2,396.90,19.37
398,Boston South Boston    ,80,605,-71.0250,42.2024,332.820,4674.020,8.5,8.5,7.67202,0.00,18.10,0,0.693,5.747,98.90,1.6334,24,666,20.2,393.10,19.92
399,Boston South Boston    ,80,606,-71.0230,42.2090,333.000,4674.750,5.0,5.0,38.35180,0.00,18.10,0,0.693,5.453,100.00,1.4896,24,666,20.2,396.90,30.59
400,Boston South Boston    ,80,607,-71.0330,42.2032,332.160,4674.120,6.3,6.3,9.91655,0.00,18.10,0,0.693,5.852,77.80,1.5004,24,666,20.2,338.16,29.97
401,Boston South Boston    ,80,608,-71.0326,42.2011,332.190,4673.890,5.6,5.6,25.04610,0.00,18.10,0,0.693,5.987,100.00,1.5888,24,666,20.2,396.90,26.77
402,Boston South Boston    ,80,609,-71.0300,42.2015,332.400,4673.930,7.2,7.2,14.23620,0.00,18.10,0,0.693,6.343,100.00,1.5741,24,666,20.2,396.90,20.32
403,Boston South Boston    ,80,610,-71.0300,42.1988,332.400,4673.630,12.1,12.1,9.59571,0.00,18.10,0,0.693,6.404,100.00,1.6390,24,666,20.2,376.11,20.31
404,Boston South Boston    ,80,612,-71.0332,42.1980,332.130,4673.550,8.3,8.3,24.80170,0.00,18.10,0,0.693,5.349,96.00,1.7028,24,666,20.2,396.90,19.77
405,Boston South Boston    ,80,613,-71.0345,42.2001,332.030,4673.780,8.5,8.5,41.52920,0.00,18.10,0,0.693,5.531,85.40,1.6074,24,666,20.2,329.46,27.38
406,Boston South Boston    ,80,614,-71.0320,42.2057,332.250,4674.400,5.0,5.0,67.92080,0.00,18.10,0,0.693,5.683,100.00,1.4254,24,666,20.2,384.97,22.98
407,Boston Downtown        ,81,702,-71.0390,42.2198,331.710,4675.980,11.9,11.9,20.71620,0.00,18.10,0,0.659,4.138,100.00,1.1781,24,666,20.2,370.22,23.34
408,Boston Downtown        ,81,703,-71.0427,42.2090,331.370,4674.790,27.9,27.9,11.95110,0.00,18.10,0,0.659,5.608,100.00,1.2852,24,666,20.2,332.09,12.13
409,Boston Downtown        ,81,705,-71.0437,42.2050,331.280,4674.350,17.2,17.2,7.40389,0.00,18.10,0,0.597,5.617,97.90,1.4547,24,666,20.2,314.64,26.40
410,Boston Downtown        ,81,706,-71.0455,42.2060,331.140,4674.460,27.5,27.5,14.43830,0.00,18.10,0,0.597,6.852,100.00,1.4655,24,666,20.2,179.36,19.78
411,Boston Downtown        ,81,707,-71.0462,42.2075,331.080,4674.630,15.0,15.0,51.13580,0.00,18.10,0,0.597,5.757,100.00,1.4130,24,666,20.2,2.60,10.11
412,Boston Downtown        ,81,708,-71.0487,42.2048,330.870,4674.330,17.2,17.2,14.05070,0.00,18.10,0,0.597,6.657,100.00,1.5275,24,666,20.2,35.05,21.22
413,Boston Downtown        ,81,709,-71.0470,42.2030,331.000,4674.130,17.9,17.9,18.81100,0.00,18.10,0,0.597,4.628,100.00,1.5539,24,666,20.2,28.79,34.37
414,Boston Downtown        ,81,710,-71.0451,42.2015,331.160,4673.960,16.3,16.3,28.65580,0.00,18.10,0,0.597,5.155,100.00,1.5894,24,666,20.2,210.97,20.08
415,Boston Roxbury         ,82,801,-71.0420,42.1985,331.400,4673.620,7.0,7.0,45.74610,0.00,18.10,0,0.693,4.519,100.00,1.6582,24,666,20.2,88.27,36.98
416,Boston Roxbury         ,82,802,-71.0455,42.1953,331.110,4673.270,7.2,7.2,18.08460,0.00,18.10,0,0.679,6.434,100.00,1.8347,24,666,20.2,27.25,29.05
417,Boston Roxbury         ,82,803,-71.0477,42.1965,330.930,4673.410,7.5,7.5,10.83420,0.00,18.10,0,0.679,6.782,90.80,1.8195,24,666,20.2,21.57,25.79
418,Boston Roxbury         ,82,805,-71.0498,42.2007,330.770,4673.880,10.4,10.4,25.94060,0.00,18.10,0,0.679,5.304,89.10,1.6475,24,666,20.2,127.36,26.64
419,Boston Roxbury         ,82,807,-71.0525,42.1989,330.540,4673.690,8.8,8.8,73.53410,0.00,18.10,0,0.679,5.957,100.00,1.8026,24,666,20.2,16.45,20.62
420,Boston Roxbury         ,82,808,-71.0586,42.1999,330.040,4673.810,8.4,8.4,11.81230,0.00,18.10,0,0.718,6.824,76.50,1.7940,24,666,20.2,48.45,22.74
421,Boston Roxbury         ,82,809,-71.0618,42.1990,329.770,4673.720,16.7,16.7,11.08740,0.00,18.10,0,0.718,6.411,100.00,1.8589,24,666,20.2,318.75,15.02
422,Boston Roxbury         ,82,810,-71.0650,42.2018,329.510,4674.030,14.2,14.2,7.02259,0.00,18.10,0,0.718,6.006,95.30,1.8746,24,666,20.2,319.98,15.70
423,Boston Roxbury         ,82,811,-71.0665,42.1970,329.380,4673.500,20.8,20.8,12.04820,0.00,18.10,0,0.614,5.648,87.60,1.9512,24,666,20.2,291.55,14.10
424,Boston Roxbury         ,82,812,-71.0619,42.1948,329.750,4673.250,13.4,13.4,7.05042,0.00,18.10,0,0.614,6.103,85.10,2.0218,24,666,20.2,2.52,23.29
425,Boston Roxbury         ,82,813,-71.0590,42.1920,329.980,4672.930,11.7,11.7,8.79212,0.00,18.10,0,0.584,5.565,70.60,2.0635,24,666,20.2,3.65,17.16
426,Boston Roxbury         ,82,814,-71.0577,42.1967,330.100,4673.450,8.3,8.3,15.86030,0.00,18.10,0,0.679,5.896,95.40,1.9096,24,666,20.2,7.68,24.39
427,Boston Roxbury         ,82,815,-71.0558,42.1937,330.250,4673.110,10.2,10.2,12.24720,0.00,18.10,0,0.584,5.837,59.70,1.9976,24,666,20.2,24.65,15.69
428,Boston Roxbury         ,82,816,-71.0542,42.1961,330.390,4673.380,10.9,10.9,37.66190,0.00,18.10,0,0.679,6.202,78.70,1.8629,24,666,20.2,18.82,14.52
429,Boston Roxbury         ,82,817,-71.0521,42.1940,330.560,4673.140,11.0,11.0,7.36711,0.00,18.10,0,0.679,6.193,78.10,1.9356,24,666,20.2,96.73,21.52
430,Boston Roxbury         ,82,818,-71.0485,42.1920,330.850,4672.910,9.5,9.5,9.33889,0.00,18.10,0,0.679,6.380,95.60,1.9682,24,666,20.2,60.72,24.08
431,Boston Roxbury         ,82,819,-71.0547,42.1890,330.330,4672.590,14.5,14.5,8.49213,0.00,18.10,0,0.584,6.348,86.10,2.0527,24,666,20.2,83.45,17.64
432,Boston Roxbury         ,82,820,-71.0505,42.1880,330.670,4672.470,14.1,14.1,10.06230,0.00,18.10,0,0.584,6.833,94.30,2.0882,24,666,20.2,81.33,19.69
433,Boston Roxbury         ,82,821,-71.0520,42.1854,330.540,4672.190,16.1,16.1,6.44405,0.00,18.10,0,0.584,6.425,74.80,2.2004,24,666,20.2,97.95,12.03
434,Boston Savin Hill      ,83,901,-71.0495,42.1815,330.740,4671.750,14.3,14.3,5.58107,0.00,18.10,0,0.713,6.436,87.90,2.3158,24,666,20.2,100.19,16.22
435,Boston Savin Hill      ,83,902,-71.0475,42.1842,330.910,4672.040,11.7,11.7,13.91340,0.00,18.10,0,0.713,6.208,95.00,2.2222,24,666,20.2,100.63,15.17
436,Boston Savin Hill      ,83,903,-71.0460,42.1867,331.040,4672.320,13.4,13.4,11.16040,0.00,18.10,0,0.740,6.629,94.60,2.1247,24,666,20.2,109.85,23.27
437,Boston Savin Hill      ,83,904,-71.0455,42.1893,331.090,4672.610,9.6,9.6,14.42080,0.00,18.10,0,0.740,6.461,93.30,2.0026,24,666,20.2,27.49,18.05
438,Boston Savin Hill      ,83,905,-71.0445,42.1917,331.180,4672.870,8.7,8.2,15.17720,0.00,18.10,0,0.740,6.152,100.00,1.9142,24,666,20.2,9.32,26.45
439,Boston Savin Hill      ,83,906,-71.0445,42.1938,331.190,4673.100,8.4,8.4,13.67810,0.00,18.10,0,0.740,5.935,87.90,1.8206,24,666,20.2,68.95,34.02
440,Boston Savin Hill      ,83,907,-71.0370,42.1940,331.810,4673.110,12.8,12.8,9.39063,0.00,18.10,0,0.740,5.627,93.90,1.8172,24,666,20.2,396.90,22.88
441,Boston Savin Hill      ,83,908,-71.0321,42.1925,332.210,4672.930,10.5,10.5,22.05110,0.00,18.10,0,0.740,5.818,92.40,1.8662,24,666,20.2,391.45,22.11
442,Boston Savin Hill      ,83,910,-71.0345,42.1850,331.990,4672.110,17.1,17.1,9.72418,0.00,18.10,0,0.740,6.406,97.20,2.0651,24,666,20.2,385.96,19.52
443,Boston Savin Hill      ,83,911,-71.0340,42.1890,332.040,4672.550,18.4,14.8,5.66637,0.00,18.10,0,0.740,6.219,100.00,2.0048,24,666,20.2,395.69,16.59
444,Boston Savin Hill      ,83,912,-71.0378,42.1892,331.730,4672.580,15.4,15.4,9.96654,0.00,18.10,0,0.740,6.485,100.00,1.9784,24,666,20.2,386.73,18.85
445,Boston Savin Hill      ,83,913,-71.0405,42.1920,331.510,4672.900,10.8,10.8,12.80230,0.00,18.10,0,0.740,5.854,96.60,1.8956,24,666,20.2,240.52,23.79
446,Boston Savin Hill      ,83,914,-71.0425,42.1890,331.340,4672.570,11.8,11.8,10.67180,0.00,18.10,0,0.740,6.459,94.80,1.9879,24,666,20.2,43.06,23.98
447,Boston Savin Hill      ,83,915,-71.0390,42.1868,331.620,4672.320,14.9,14.9,6.28807,0.00,18.10,0,0.740,6.341,96.40,2.0720,24,666,20.2,318.01,17.79
448,Boston Savin Hill      ,83,916,-71.0370,42.1840,331.780,4672.000,12.6,12.6,9.92485,0.00,18.10,0,0.740,6.251,96.60,2.1980,24,666,20.2,388.52,16.44
449,Boston Savin Hill      ,83,917,-71.0400,42.1820,331.530,4671.780,14.1,14.1,9.32909,0.00,18.10,0,0.713,6.185,98.70,2.2616,24,666,20.2,396.90,18.13
450,Boston Savin Hill      ,83,918,-71.0428,42.1845,331.300,4672.070,13.0,13.0,7.52601,0.00,18.10,0,0.713,6.417,98.30,2.1850,24,666,20.2,304.21,19.31
451,Boston Savin Hill      ,83,919,-71.0460,42.1810,331.030,4671.690,13.4,13.4,6.71772,0.00,18.10,0,0.713,6.749,92.60,2.3236,24,666,20.2,0.32,17.44
452,Boston Savin Hill      ,83,920,-71.0410,42.1795,331.440,4671.510,15.2,15.2,5.44114,0.00,18.10,0,0.713,6.655,98.20,2.3552,24,666,20.2,355.29,17.73
453,Boston Savin Hill      ,83,921,-71.0340,42.1790,332.010,4671.440,16.1,16.1,5.09017,0.00,18.10,0,0.713,6.297,91.80,2.3682,24,666,20.2,385.09,17.27
454,Boston Savin Hill      ,83,922,-71.0400,42.1770,331.510,4671.230,17.8,17.8,8.24809,0.00,18.10,0,0.713,7.393,99.30,2.4527,24,666,20.2,375.87,16.74
455,Boston Savin Hill      ,83,923,-71.0455,42.1768,331.060,4671.220,14.9,14.4,9.51363,0.00,18.10,0,0.713,6.728,94.10,2.4961,24,666,20.2,6.68,18.71
456,Boston Savin Hill      ,83,924,-71.0510,42.1780,330.610,4671.360,14.1,14.1,4.75237,0.00,18.10,0,0.713,6.525,86.50,2.4358,24,666,20.2,50.92,18.13
457,Boston Dorchester      ,84,1001,-71.0517,42.1735,330.540,4670.860,12.7,12.7,4.66883,0.00,18.10,0,0.713,5.976,87.90,2.5806,24,666,20.2,10.48,19.01
458,Boston Dorchester      ,84,1002,-71.0515,42.1700,330.540,4670.470,13.5,13.5,8.20058,0.00,18.10,0,0.713,5.936,80.30,2.7792,24,666,20.2,3.50,16.94
459,Boston Dorchester      ,84,1003,-71.0475,42.1690,330.870,4670.360,14.9,14.9,7.75223,0.00,18.10,0,0.713,6.301,83.70,2.7831,24,666,20.2,272.21,16.23
460,Boston Dorchester      ,84,1004,-71.0430,42.1690,331.240,4670.350,20.0,20.0,6.80117,0.00,18.10,0,0.713,6.081,84.40,2.7175,24,666,20.2,396.90,14.70
461,Boston Dorchester      ,84,1005,-71.0430,42.1728,331.250,4670.770,16.4,16.4,4.81213,0.00,18.10,0,0.713,6.701,90.00,2.5975,24,666,20.2,255.23,16.42
462,Boston Dorchester      ,84,1006,-71.0350,42.1745,331.920,4670.940,17.7,17.7,3.69311,0.00,18.10,0,0.713,6.376,88.40,2.5671,24,666,20.2,391.43,14.65
463,Boston Dorchester      ,84,1007,-71.0310,42.1695,332.240,4670.380,19.5,19.5,6.65492,0.00,18.10,0,0.713,6.317,83.00,2.7344,24,666,20.2,396.90,13.99
464,Boston Dorchester      ,84,1008,-71.0358,42.1675,331.830,4670.170,20.2,20.2,5.82115,0.00,18.10,0,0.713,6.513,89.90,2.8016,24,666,20.2,393.82,10.29
465,Boston Dorchester      ,84,1009,-71.0450,42.1640,331.070,4669.800,21.4,21.4,7.83932,0.00,18.10,0,0.655,6.209,65.40,2.9634,24,666,20.2,396.90,13.22
466,Boston Dorchester      ,84,1010,-71.0550,42.1650,330.240,4669.930,19.9,19.9,3.16360,0.00,18.10,0,0.655,5.759,48.20,3.0665,24,666,20.2,334.40,14.13
467,Boston Dorchester      ,84,1011,-71.0550,42.1685,330.250,4670.320,19.0,19.0,3.77498,0.00,18.10,0,0.655,5.952,84.70,2.8715,24,666,20.2,22.01,17.15
468,Boston Mattapan        ,85,1101,-71.0660,42.1780,329.370,4671.390,19.1,19.1,4.42228,0.00,18.10,0,0.584,6.003,94.50,2.5403,24,666,20.2,331.29,21.32
469,Boston Mattapan        ,85,1102,-71.0700,42.1680,329.010,4670.290,19.1,19.1,15.57570,0.00,18.10,0,0.580,5.926,71.00,2.9084,24,666,20.2,368.74,18.13
470,Boston Mattapan        ,85,1103,-71.0690,42.1725,329.110,4670.790,20.1,20.1,13.07510,0.00,18.10,0,0.580,5.713,56.70,2.8237,24,666,20.2,396.90,14.76
471,Boston Mattapan        ,85,1104,-71.0740,42.1680,328.680,4670.300,19.9,19.9,4.34879,0.00,18.10,0,0.580,6.167,84.00,3.0334,24,666,20.2,396.90,16.29
472,Boston Mattapan        ,85,1105,-71.0825,42.1698,327.980,4670.510,19.6,19.6,4.03841,0.00,18.10,0,0.532,6.229,90.70,3.0993,24,666,20.2,395.33,12.87
473,Boston Mattapan        ,85,1106,-71.0833,42.1750,327.930,4671.090,23.2,23.2,3.56868,0.00,18.10,0,0.580,6.437,75.00,2.8965,24,666,20.2,393.37,14.36
474,Boston Forest Hills    ,86,1201,-71.0732,42.1840,328.790,4672.070,29.8,29.8,4.64689,0.00,18.10,0,0.614,6.980,67.60,2.5329,24,666,20.2,374.68,11.66
475,Boston Forest Hills    ,86,1202,-71.0550,42.1830,330.290,4671.930,13.8,13.8,8.05579,0.00,18.10,0,0.584,5.427,95.40,2.4298,24,666,20.2,352.58,18.14
476,Boston Forest Hills    ,86,1203,-71.0511,42.1879,330.630,4672.460,13.3,13.3,6.39312,0.00,18.10,0,0.584,6.162,97.40,2.2060,24,666,20.2,302.76,24.10
477,Boston Forest Hills    ,86,1204,-71.0565,42.1880,330.180,4672.480,16.7,16.7,4.87141,0.00,18.10,0,0.614,6.484,93.60,2.3053,24,666,20.2,396.21,18.68
478,Boston Forest Hills    ,86,1205,-71.0528,42.1920,330.500,4672.920,12.0,12.0,15.02340,0.00,18.10,0,0.614,5.304,97.30,2.1007,24,666,20.2,349.48,24.91
479,Boston Forest Hills    ,86,1206,-71.0558,42.1913,330.250,4672.850,14.6,14.6,10.23300,0.00,18.10,0,0.614,6.185,96.70,2.1705,24,666,20.2,379.70,18.03
480,Boston Forest Hills    ,86,1207,-71.0670,42.1945,329.330,4673.230,21.4,21.4,14.33370,0.00,18.10,0,0.614,6.229,88.00,1.9512,24,666,20.2,383.32,13.11
481,Boston West Roxbury    ,87,1301,-71.1008,42.1740,326.480,4671.020,23.0,23.0,5.82401,0.00,18.10,0,0.532,6.242,64.70,3.4242,24,666,20.2,396.90,10.74
482,Boston West Roxbury    ,87,1302,-71.0950,42.1730,326.960,4670.900,23.7,23.7,5.70818,0.00,18.10,0,0.532,6.750,74.90,3.3317,24,666,20.2,393.07,7.74
483,Boston West Roxbury    ,87,1303,-71.0900,42.1665,327.350,4670.160,25.0,25.0,5.73116,0.00,18.10,0,0.532,7.061,77.00,3.4106,24,666,20.2,395.28,7.01
484,Boston West Roxbury    ,87,1304,-71.0975,42.1608,326.720,4669.550,21.8,21.8,2.81838,0.00,18.10,0,0.532,5.762,40.30,4.0983,24,666,20.2,392.92,10.42
485,Boston Hyde Park       ,88,1401,-71.0804,42.1540,328.110,4668.760,20.6,20.6,2.37857,0.00,18.10,0,0.583,5.871,41.90,3.7240,24,666,20.2,370.73,13.34
486,Boston Hyde Park       ,88,1402,-71.0750,42.1455,328.540,4667.800,21.2,21.2,3.67367,0.00,18.10,0,0.583,6.312,51.90,3.9917,24,666,20.2,388.62,10.58
487,Boston Hyde Park       ,88,1403,-71.0715,42.1550,328.850,4668.850,19.1,19.1,5.69175,0.00,18.10,0,0.583,6.114,79.80,3.5459,24,666,20.2,392.68,14.98
488,Boston Hyde Park       ,88,1404,-71.0650,42.1610,329.400,4669.500,20.6,20.6,4.83567,0.00,18.10,0,0.583,5.905,53.20,3.1523,24,666,20.2,388.22,11.45
489,Chelsea                ,89,1601,-71.0189,42.2344,333.410,4677.560,15.2,15.2,0.15086,0.00,27.74,0,0.609,5.454,92.70,1.8209,4,711,20.1,395.09,18.06
490,Chelsea                ,89,1602,-71.0228,42.2335,333.080,4677.470,7.0,7.0,0.18337,0.00,27.74,0,0.609,5.414,98.30,1.7554,4,711,20.1,344.05,23.97
491,Chelsea                ,89,1604,-71.0245,42.2368,332.950,4677.840,8.1,8.1,0.20746,0.00,27.74,0,0.609,5.093,98.00,1.8226,4,711,20.1,318.43,29.68
492,Chelsea                ,89,1605,-71.0160,42.2382,333.660,4677.980,13.6,13.6,0.10574,0.00,27.74,0,0.609,5.983,98.80,1.8681,4,711,20.1,390.11,18.07
493,Chelsea                ,89,1606,-71.0297,42.2447,332.540,4678.730,20.1,20.1,0.11132,0.00,27.74,0,0.609,5.983,83.50,2.1099,4,711,20.1,396.90,13.35
494,Revere                 ,90,1701,-71.0125,42.2462,333.970,4678.860,21.8,21.8,0.17331,0.00,9.69,0,0.585,5.707,54.00,2.3817,6,391,19.2,396.90,12.01
495,Revere                 ,90,1702,-71.0125,42.2500,333.980,4679.280,24.5,24.5,0.27957,0.00,9.69,0,0.585,5.926,42.60,2.3817,6,391,19.2,396.90,13.59
496,Revere                 ,90,1703,-71.0105,42.2547,334.150,4679.800,23.1,23.1,0.17899,0.00,9.69,0,0.585,5.670,28.80,2.7986,6,391,19.2,393.29,17.60
497,Revere                 ,90,1704,-71.0010,42.2525,334.930,4679.540,19.7,19.7,0.28960,0.00,9.69,0,0.585,5.390,72.90,2.7986,6,391,19.2,396.90,21.14
498,Revere                 ,90,1705,-70.9947,42.2496,335.440,4679.200,18.3,18.3,0.26838,0.00,9.69,0,0.585,5.794,70.60,2.8927,6,391,19.2,396.90,14.10
499,Revere                 ,90,1706,-71.0050,42.2455,334.580,4678.770,21.2,21.2,0.23912,0.00,9.69,0,0.585,6.019,65.30,2.4091,6,391,19.2,396.90,12.92
500,Revere                 ,90,1707,-70.9985,42.2430,335.110,4678.480,17.5,17.5,0.17783,0.00,9.69,0,0.585,5.569,73.50,2.3999,6,391,19.2,395.77,15.10
501,Revere                 ,90,1708,-70.9920,42.2380,335.640,4677.910,16.8,16.8,0.22438,0.00,9.69,0,0.585,6.027,79.70,2.4982,6,391,19.2,396.90,14.33
502,Winthrop               ,91,1801,-70.9860,42.2312,336.110,4677.140,22.4,22.4,0.06263,0.00,11.93,0,0.573,6.593,69.10,2.4786,1,273,21.0,391.99,9.67
503,Winthrop               ,91,1802,-70.9910,42.2275,335.690,4676.740,20.6,20.6,0.04527,0.00,11.93,0,0.573,6.120,76.70,2.2875,1,273,21.0,396.90,9.08
504,Winthrop               ,91,1803,-70.9948,42.2260,335.370,4676.580,23.9,23.9,0.06076,0.00,11.93,0,0.573,6.976,91.00,2.1675,1,273,21.0,396.90,5.64
505,Winthrop               ,91,1804,-70.9875,42.2240,335.970,4676.350,22.0,22.0,0.10959,0.00,11.93,0,0.573,6.794,89.30,2.3889,1,273,21.0,393.45,6.48
506,Winthrop               ,91,1805,-70.9825,42.2210,336.380,4676.000,11.9,19.0,0.04741,0.00,11.93,0,0.573,6.030,80.80,2.5050,1,273,21.0,396.90,7.88
